12
3 4 5
0 2
1 0
2 3
3 1
3 2
7 7 7
0 0
1 1
2 2
3 3
4 4
5 5
6 6
7 8 14
0 0
1 1
2 2
3 3
4 4
5 5
6 6
1 2
2 3
3 4
4 5
5 6
6 7
7 1
4 5 5 
0 0
1 0
2 2
3 3
4 4
4 5 5 
0 0
0 1
2 2
3 3
4 4
0 5 5 
0 0
0 1
0 2
0 3
0 4
5 1 5 
0 0
1 0
2 0
3 0
4 0
3 6 10 
0 0
0 1
0 2
0 3
0 4
1 1
1 2
1 3
2 4
2 5
10 10 34
7 5
0 0
3 1
8 8
6 9
2 6
3 3
2 9
3 7
7 4
7 9
1 7
0 2
7 2
6 4
8 5
0 5
6 1
9 8
5 0
8 3
9 4
7 1
3 8
3 4
4 5
0 7
7 0
2 0
2 1
9 5
4 4
1 0
8 9
20 20 88
8 1
10 6
14 19
5 19
1 11
9 3
18 15
15 2
19 18
8 8
11 11
3 12
6 2
11 6
0 15
10 12
14 2
3 6
12 1
14 5
7 3
18 0
16 15
1 4
11 0
1 17
18 3
13 5
8 17
4 18
5 12
1 7
16 10
5 15
6 4
7 11
2 15
2 6
15 11
4 3
14 6
9 19
3 5
1 12
19 17
9 9
1 13
3 7
12 2
17 6
13 7
6 0
8 4
7 10
0 17
13 8
2 0
2 17
3 14
9 5
13 11
19 12
18 1
3 1
0 0
1 19
0 16
12 4
16 9
18 13
11 13
1 3
12 12
8 10
1 0
4 9
16 18
7 4
7 6
18 5
13 15
5 7
6 6
0 19
9 16
8 7
11 14
11 15
30 30 330
15 8
26 10
1 4
12 0
15 17
23 23
7 15
20 15
19 14
21 13
10 14
29 1
28 9
0 23
22 28
17 18
4 8
3 9
4 21
0 9
18 22
13 5
2 11
19 7
5 10
10 3
7 11
7 1
7 4
26 28
3 3
12 19
22 5
21 28
5 19
5 0
12 12
19 2
10 2
10 24
14 17
0 12
16 22
16 7
4 0
1 15
13 3
20 19
20 5
27 23
19 9
24 15
25 19
5 11
11 4
8 20
25 27
28 0
20 9
1 21
13 16
28 12
26 23
1 16
19 19
1 19
20 3
28 8
13 21
11 7
14 0
0 26
21 23
5 25
17 21
6 6
10 29
0 5
1 20
24 27
27 21
12 21
21 10
24 9
13 2
12 15
21 5
22 26
6 13
20 28
28 4
13 25
4 19
19 23
25 17
25 5
23 19
13 24
25 23
11 21
14 2
28 1
29 25
25 14
16 18
6 27
7 28
19 4
29 23
26 26
18 25
17 4
7 25
19 27
4 16
21 3
2 2
12 11
17 14
14 18
11 18
1 2
28 3
5 23
2 20
14 6
18 4
11 15
0 10
3 13
26 9
14 13
6 8
13 8
3 14
15 28
29 11
5 1
4 3
11 27
8 7
4 7
20 14
23 22
17 20
22 13
11 12
28 26
11 11
7 23
18 3
14 21
22 0
23 29
5 12
10 15
5 21
12 27
11 29
19 0
16 6
23 13
6 10
6 5
10 5
17 29
27 9
1 13
2 25
1 25
4 12
4 9
19 16
29 8
21 18
5 15
21 6
18 21
5 8
21 4
4 4
13 29
25 0
11 16
12 5
16 11
14 7
6 12
1 27
25 9
26 12
26 15
9 10
13 18
0 15
8 5
15 18
3 8
21 21
4 24
24 0
2 13
2 9
18 29
25 8
23 24
11 24
9 13
8 24
27 25
26 1
1 7
3 11
25 20
1 24
13 28
7 27
2 4
4 11
3 19
14 10
9 2
28 15
21 26
25 2
0 7
0 22
8 23
16 14
13 0
15 14
24 23
28 17
13 14
24 6
27 10
25 7
18 13
0 2
0 21
21 8
20 6
5 5
15 10
6 20
13 11
15 5
23 17
19 8
27 15
6 11
3 5
5 29
24 16
24 25
4 25
13 26
27 29
1 8
16 23
2 10
27 0
7 8
17 16
17 26
17 10
8 22
29 2
28 21
28 5
5 20
24 3
22 17
22 2
29 3
26 13
11 6
19 29
14 25
25 26
7 13
18 20
12 17
5 3
0 18
24 1
22 8
25 12
5 9
17 15
10 8
2 29
16 28
8 11
10 1
10 9
19 26
25 4
6 3
25 10
6 23
26 17
4 15
17 3
8 6
13 23
14 19
7 21
10 25
10 18
21 2
8 3
8 12
19 10
10 17
15 16
18 24
10 7
13 20
10 4
14 16
0 4
11 3
11 17
15 3
19 1
5 26
4 2
25 22
16 29
60 60 865
48 41
11 47
21 37
33 26
38 18
27 32
24 10
41 39
39 3
33 29
45 35
12 21
6 56
22 45
20 9
12 46
38 56
51 8
1 7
56 10
55 12
29 17
25 33
34 5
15 38
26 24
46 44
19 0
22 25
35 57
27 56
34 19
3 41
18 19
45 23
53 47
42 45
2 53
3 15
17 34
57 34
29 14
34 34
53 12
42 2
29 57
8 20
3 17
29 42
26 47
57 53
45 39
11 59
51 32
22 31
24 32
26 44
37 37
41 57
26 0
22 2
51 23
34 20
30 55
56 39
20 40
3 36
52 22
11 44
8 10
1 40
17 15
17 0
57 12
50 28
37 50
57 2
24 57
7 41
6 16
26 1
46 25
21 44
47 30
26 48
22 33
48 19
59 56
6 34
18 39
1 54
29 2
52 7
23 35
15 45
52 43
30 9
32 40
17 31
2 37
28 33
30 16
7 16
33 1
58 41
7 7
29 53
8 41
4 38
32 47
17 27
53 25
42 42
17 56
45 13
16 25
56 26
34 16
15 2
32 13
2 0
37 59
47 50
16 21
2 48
59 30
50 26
0 41
26 30
52 2
18 43
34 59
9 36
37 55
23 5
17 26
45 29
28 3
15 5
30 7
45 9
15 31
22 52
56 48
41 38
31 17
36 14
17 55
22 35
27 7
12 49
12 5
47 39
11 9
26 6
55 13
42 0
33 42
51 30
1 15
12 33
4 29
33 59
11 55
24 37
36 34
14 13
51 38
55 29
57 42
31 40
5 46
19 16
10 48
19 40
40 18
41 37
59 31
28 59
39 7
59 29
18 44
8 17
46 2
21 34
56 56
1 25
40 1
4 18
12 20
2 19
24 16
40 2
59 6
7 29
39 21
30 19
4 54
6 4
0 27
56 57
59 55
47 9
19 30
19 13
50 36
45 37
36 11
49 20
2 33
22 5
26 35
2 9
32 18
56 38
24 52
20 44
43 48
26 41
39 17
42 57
41 8
36 24
48 48
23 13
29 28
3 6
47 56
38 44
8 9
58 28
22 32
54 39
42 53
13 44
34 32
44 29
15 27
53 29
28 28
1 34
20 39
40 52
35 12
34 2
31 28
10 2
7 34
48 29
47 16
37 36
21 53
5 24
28 45
57 31
39 6
26 2
42 27
41 0
57 20
18 54
44 43
49 29
25 2
53 3
42 14
25 34
10 17
8 22
42 47
35 30
10 44
15 47
32 38
15 21
4 23
56 31
34 29
20 52
20 26
36 6
3 27
35 37
35 17
52 50
27 41
36 41
2 59
38 52
12 50
33 48
14 5
15 1
26 5
48 37
2 35
59 44
49 51
23 18
14 22
50 58
39 16
34 26
29 40
40 51
1 33
44 50
5 29
42 36
31 19
17 47
39 42
56 4
3 51
40 38
37 34
15 58
47 18
13 49
6 8
27 10
58 23
0 26
2 54
6 48
18 40
9 55
34 56
27 54
18 35
31 6
17 38
16 3
15 3
28 29
20 43
34 46
40 12
38 0
35 7
24 14
42 12
27 31
46 57
51 37
59 52
34 25
24 44
48 7
0 50
48 39
21 45
59 15
9 20
58 56
8 0
21 41
33 8
39 48
9 51
54 49
7 54
14 30
23 7
58 18
16 41
36 5
26 32
3 49
7 56
44 25
52 58
21 42
34 9
31 33
5 15
12 3
53 10
51 43
1 24
9 54
45 48
3 25
42 54
4 3
23 10
7 44
48 2
8 26
15 52
23 23
49 58
34 11
40 41
53 14
25 32
55 20
18 14
10 34
0 19
32 6
54 46
46 51
25 1
3 26
11 48
49 21
52 46
41 42
31 9
16 39
11 15
12 18
44 56
19 44
7 20
57 1
24 27
37 35
45 43
5 57
32 34
29 54
44 14
48 10
1 14
45 42
43 31
20 31
36 17
43 8
33 43
31 8
4 7
33 20
20 2
57 0
57 11
4 47
32 0
28 21
6 47
4 28
1 28
49 59
19 47
42 29
6 6
38 4
55 55
23 53
35 25
53 11
27 14
49 22
34 4
20 58
36 54
6 33
25 31
12 53
41 26
9 2
19 21
14 10
59 10
31 24
34 0
32 53
6 46
43 15
50 7
38 41
29 46
54 0
42 18
19 31
49 16
22 53
21 20
15 29
42 50
48 6
36 16
4 57
41 4
54 36
57 41
51 2
23 9
19 26
45 4
13 30
20 41
18 7
16 4
13 38
42 55
39 0
11 1
6 27
57 37
34 44
54 32
57 27
37 27
47 14
9 15
31 37
17 29
58 16
12 32
4 46
29 59
23 59
31 26
33 21
54 7
7 25
36 56
55 56
3 46
26 22
21 0
47 51
57 4
14 4
24 7
36 47
50 34
29 29
55 6
50 31
0 35
35 10
59 22
14 25
9 59
56 37
13 29
0 34
54 52
0 57
50 46
6 35
13 45
52 1
46 41
28 12
22 15
6 44
15 0
6 11
43 28
16 16
25 21
29 36
12 52
54 22
9 18
16 56
25 59
8 7
11 58
23 32
13 50
6 53
58 34
20 59
48 12
7 4
48 38
9 43
8 44
17 9
30 40
17 58
38 10
52 8
3 0
48 34
10 56
56 17
38 31
48 51
32 3
44 3
5 31
48 17
49 24
47 38
29 52
41 34
55 43
51 49
28 43
58 29
5 58
20 22
5 53
34 1
2 10
15 22
28 10
55 24
15 59
23 12
44 46
52 29
25 4
58 27
6 10
18 55
26 43
58 59
25 36
57 21
12 1
14 34
21 50
54 58
23 49
38 12
9 49
6 30
29 3
32 26
10 27
40 39
1 59
4 5
40 46
16 8
33 23
39 20
12 27
40 26
55 44
35 42
32 1
49 47
39 8
16 26
11 23
35 5
0 18
48 26
26 29
26 59
26 39
46 24
24 59
10 42
11 30
7 50
46 20
19 4
5 44
34 58
20 35
0 11
56 0
58 13
12 54
31 14
29 48
10 19
13 31
0 46
4 27
26 10
28 27
0 43
36 38
14 17
9 22
38 43
47 52
41 30
57 48
6 55
44 8
44 57
51 7
15 55
43 33
3 40
4 35
50 4
55 40
24 33
28 0
9 29
34 27
42 21
35 3
6 43
1 39
26 13
15 46
10 1
45 40
53 17
17 52
22 4
23 30
32 11
55 22
49 13
32 58
41 48
31 2
32 24
27 0
18 10
24 42
3 33
41 15
20 17
7 28
18 46
51 54
5 6
34 30
52 5
22 51
49 5
8 23
59 3
21 1
59 11
14 11
20 27
1 29
37 58
16 46
4 36
2 8
27 22
34 8
0 3
51 18
14 47
44 38
44 23
42 41
31 36
54 16
2 2
57 33
7 2
15 43
10 22
52 6
30 24
51 33
51 36
16 30
21 36
52 49
50 42
43 56
57 36
31 49
31 18
58 9
45 52
8 47
46 58
5 49
43 37
59 1
23 43
35 35
45 2
17 11
0 37
20 53
47 53
54 50
36 23
5 22
26 11
12 55
5 21
57 46
1 46
57 5
6 38
21 58
58 17
20 6
25 23
30 17
27 34
56 25
29 24
23 58
41 24
16 10
53 37
0 17
44 40
27 8
5 52
37 19
33 56
54 3
44 16
39 18
6 20
26 18
48 32
29 31
35 22
2 4
9 8
32 2
13 35
8 40
3 21
55 16
30 5
21 19
48 53
3 50
35 46
12 15
50 38
52 54
34 36
25 3
45 19
56 47
9 27
15 26
24 56
59 42
8 31
52 55
57 59
45 27
59 7
38 27
46 39
35 51
19 15
28 34
12 2
6 2
21 16
6 32
11 37
5 20
44 32
59 47
6 23
12 22
9 56
49 37
34 35
46 18
37 30
15 24
5 11

