100
569
485 500 485 148 485 178 485 428 485 135 389 554 485 288 485 252 357 340 485 331 485 553 485 5 485 113 485 14 485 492 485 301 485 184 485 319 485 200 83 64 91 351 485 3 485 278 485 295 485 362 485 328 485 239 485 170 461 78 485 324 485 540 485 462 485 185 353 276 485 427 26 60 485 24 485 530 485 518 273 357 485 19 485 305 485 335 485 232 497 389 485 114 485 265 485 557 485 284 485 398 485 0 485 562 276 242 394 320 485 222 485 513 407 299 485 290 485 548 485 137 485 267 485 153 485 8 485 286 485 435 485 433 485 244 485 56 485 89 485 407 143 91 485 233 485 102 485 504 485 2 485 92 485 202 485 105 485 269 169 43 485 208 485 352 485 373 485 166 485 23 485 350
458
431 88 52 222 52 304 52 21 52 265 317 32 52 263 52 251 52 297 52 133 52 227 52 9 52 432 411 393 52 318 52 324 52 173 52 190 392 316 175 425 258 424 52 178 52 418 52 123 52 77 52 371 52 221 52 129 279 286 52 266 171 308 52 405 48 323 52 402 52 367 52 180 313 258 29 296 52 149 52 40 52 309 186 369 52 244 52 90 139 186 135 325 52 336 52 398 52 75 198 109 198 446 433 1 33 338 172 142 76 12 52 270 253 2 52 167 52 55 292 58 52 215 52 271 242 217 403 348 412 218 52 416 52 272 52 209 52 127 52 312 393 279 52 226 52 352 52 256 282 195 52 103 52 350 308 107 52 306 52 358 52 132 52 413 424 187 52 401 371 41 235 171 52 20 52 359 359 419 451 50 23 164 52 27 52 314 52 74 25 438 18 182 52 54 52 42 52 100 52 174 52 14 217 3 52 183 294 196 52 277 64 351 52 177 52 219 49 76 384 436 368 451 52 137 52 236 218 381 457 102 52 99 52 399 52 340 52 11 382 278 52 455 194 48 232 290 52 349 52 280
910
872 483 557 108 872 585 793 823 4 159 872 14 872 762 119 577 441 547 780 155 872 43 872 158 872 719 365 124 872 444 872 425 872 241 872 182 872 2 393 46 440 53 872 486 872 806 872 324 898 252 872 123 428 82 487 296 872 633 872 865 159 107 155 325 320 681 872 163 893 187 275 710 872 138 872 90 872 534 872 304 872 315 872 363 872 792 576 821 88 52 872 301 872 726 25 492 2 546 872 153 872 761 576 649 872 573 872 329 647 210 903 708 872 722 437 665 872 57 470 257 724 559 576 841 872 896 872 68 530 724 576 330 872 429 20 783 872 212 166 172 544 721 872 404 275 63 872 130 76 833 872 578 872 602 11 34 813 731 284 497 872 720 872 219 902 205 872 328 538 40 872 151 661 868 872 877 569 779 872 802 872 804 302 44 6 589 872 424 91 321 44 111 574 20 711 318 872 537 275 897 872 813 52 102 555 316 736 209 872 75 872 437 909 377 715 871 400 641 861 693 619 42 478 217 441 753 396 295 872 676 49 864 377 576 872 678 137 193 538 764 107 498 732 699 139 591 872 39 872 837 692 10 872 33 119 5 428 714 860 255 544 171 125 232 389 489 872 156 272 423 872 713 857 667 767 645 21 381 872 781 186 259 864 307 872 114 136 519 872 525 261 694 679 284 872 625
497
77 58 328 92 410 64 14 87 347 0 420 194 14 7 14 74 160 370 160 265 160 282 465 14 289 430 60 103 304 344 328 161 328 8 57 330 14 148 57 207 160 298 72 465 434 82 160 468 328 491 160 464 14 6 77 467 328 399 70 462 109 364 160 306 449 446 57 67 308 167 328 132 14 427 14 121 14 199 145 365 14 249 328 441 57 320 124 184 376 118 57 337 351 358 328 486 328 463 237 380 70 3 266 136 160 69 328 83 217 288 14 101 325 139 160 456 9 94 434 75 68 181 246 391 14 262 160 240 14 36 57 437 160 394 14 485 288 355 14 375 349 174 14 120 57 179 7 390 57 63 57 23 11 250 14 354 160 48 286 395
531
191 144 225 368 463 472 74 312 74 280 22 348 514 325 73 69 449 91 491 369 85 487 191 378 26 1 116 356 74 231 489 289 495 282 74 88 467 131 74 84 74 223 74 238 394 110 113 482 94 268 276 473 436 174 74 206 74 359 32 177 128 61 310 329 128 11 74 442 74 488 118 162 173 418 74 60 13 254 286 357 74 331 234 521 74 187 74 366 74 24 74 142 74 379 277 211 47 127 74 314 74 4 466 486 409 57 74 50 223 455 109 530 388 471 74 207 56 0 74 45 285 444 282 31 190 333 335 72 74 198 155 62 191 201 74 63 74 456 74 392 162 54 162 52 191 14 436 498 369 373 71 114 295 39 105 409 74 248 417 120 42 122 74 98 335 249 467 374 219 228 27 436 74 433 467 256 74 252 156 245 74 151 464 266 74 399 74 279 74 118 364 441 202 104 517 226 74 44
880
840 164 31 150 794 599 179 686 633 37 326 745 467 452 462 620 272 503 20 53 31 874 31 294 539 100 741 260 31 543 31 512 78 743 31 850 551 871 586 769 344 286 560 490 31 798 356 146 784 264 142 131 566 675 413 649 31 777 31 484 31 236 244 690 388 571 31 378 318 46 68 314 31 821 308 589 31 716 574 203 31 598 71 49 31 382 650 124 2 878 31 410 31 747 483 698 31 708 516 849 869 670 688 426 31 486 416 252 31 564 548 524 31 54 103 576 201 787 31 277 695 668 31 651 245 276 707 205 67 532 257 281 397 279 141 151 667 357 31 102 387 730 716 549 843 504 31 768 31 519 31 819 343 167 303 444 512 365 91 655 100 374 31 793 131 196 31 138 409 213 700 833 868 156 849 511 31 191 157 246 829 170 31 40 31 323 385 51 31 671 71 400 278 370 441 217 612 542 31 522 827 201 31 364 59 415 31 661 31 643 31 93 39 59 31 307 403 143 670 389 31 394 416 832 329 75 156 586 31 733 31 691 31 676 31 612 717 736 162 61 860 467 31 634 31 814 853 867 805 860 31 587 31 786 235 42 31 62 636 579 837 441 518 248 524 560 31 710 248 379 234 182 567 818 511 431 31 225 669 680 545 360 31 477 31 699 31 359 413 762 31 114 144 134 628 695 31 129 31 324 31 110 31 189 639 27 31 494 444 464 203 640 31 809 848 310 31 650 77 841 547 120 568 47 31 608 31 372 668 305 648 227 31 418 31 496 529 300 5 423 813 501 576 525 15 646 551 514 327 414 31 550 344 254 31 158 758 130 663 593 31 15 31 214 459 390 31 460 344 28 31 435 163 466 31 855 31 296 676 34 31 693 154 811 445 645 705 177 31 112 31 495 519 41 26 625 31 609 31 865 31 713 31 412 31 341 31 285 31 82 758 602 44 111 56 354 31 224 31 105 31 210 31 485 671 190 31 352 344 480 305 540 31 215 31 19 31 198 31 424 742 630 245 510 278 86 31 306 219 802 633 308 31 712 31 89 31 368 771 813 31 353 759 683 274 475 629 706 287 301 31 107 31 337 758 330 592 133 31 782 31 36 344 817 31 166 31 220 31 283 31 60 75 583 31 761 31 268 31 349 31 665 111 771
783
522 238 522 467 352 254 323 304 89 735 522 446 733 653 663 116 522 366 562 542 635 452 497 306 88 49 546 422 522 579 522 610 522 683 542 575 78 11 411 51 522 776 586 595 185 12 723 195 451 225 684 520 522 488 263 774 235 620 606 208 522 45 233 14 522 600 522 239 505 275 535 421 363 323 102 114 654 728 569 724 204 226 371 539 371 336 489 601 402 330 325 246 741 716 522 643 122 423 522 183 359 282 167 110 478 634 108 722 522 470 500 694 261 329 522 325 630 742 472 619 319 87 3 756 132 531 400 346 452 66 538 163 509 514 603 75 655 165 213 538 522 715 522 218 61 404 593 4 522 530 293 770 522 779 558 769 447 437 358 103 522 604 329 747 551 431 259 565 522 411 189 417 522 119 522 458 522 526 522 102 734 128 596 546 715 231 230 177 300 628 172 333 522 549 308 635 452 200 302 23 522 487 765 420 69 482 1 698 49 380 522 18 287 322 575 749 452 203 600 67 522 81 522 434 47 57 237 505 616 472 487 758 268 477 750 17 225 198 56 441 703 109 522 368 15 367 377 158 522 124 262 48 197 666 522 737 25 184 248 469 209 607 337 43 28 210 497 288 722 668 442 416 522 640 522 390 340 327 151 98 172 468 522 54 531 443 522 280 400 162 374 603 454 481 212 308 266 762 43 436 522 362 198 582 456 405 42 335 522 77 251 167 733 700 264 272 572 375 761 242 152 376 522 369 746 13 117 606 550 86 400 186 522 358 522 402 61 765 281 205 468 704 303 365 46 726 232 138 707 269 80 695 522 645 183 574 504 545 139 62 158 345 580 250 236 736 662 753 733 93 645 587 522 39 83 126 522 713 11 157 14 340 522 491 347 548 522 312 381 466 338 719 182 212 506 359 522 656 109 30 296 622 522 268 333 639 522 377 522 197 143 550 351 127 202 121 645 731 475 319 522 341 514 321 114 763 500 46 163 681
770
380 188 560 91 578 145 656 41 549 328 740 264 385 482 137 57 742 600 223 636 218 25 7 159 1 327 385 581 569 287 167 394 99 713 449 42 70 689 7 751 422 276 564 577 547 489 54 728 87 74 7 124 259 746 511 680 590 141 182 665 302 231 97 576 303 582 450 675 742 585 348 601 422 565 560 177 587 219 334 29 35 436 7 536 7 241 311 198 510 116 497 136 720 187 78 66 254 127 497 732 263 484 488 103 386 676 185 593 765 573 8 623 560 432 406 527 403 253 7 433 191 146 511 279 574 284 469 299 170 414 174 761 601 70 385 725 617 505 47 595 656 153 445 720 236 144 174 641 274 310 273 603 513 609 278 592 50 28 369 272 35 690 412 572 210 447 560 270 542 476 369 366 578 321 91 316 718 383 560 511 690 539 184 151 116 445 236 605 498 93 35 427 640 724 503 347 417 247 560 174 750 763 419 399 92 309 212 192 567 496 86 685 432 754 735 128 627 183 584 158 558 658 88 100 349 72 263 667 24 407 554 0 346 225 557 739 640 196 656 714 631 638 704 537 178 554 563 56 102 297 385 441 257 173 676 261 55 738 135 131 374 298 670 209 235 762 142 332 399 227 220 375 662 288 722 36 511 54 499 156 699 167 296 453 731 727 362 632 187 345 7 248 583 121 695 67 184 395 432 735 463 275 344 677 768 588 326 409 340 12 583 92 477 138 39 502 429 76 7 271 369 748 177 193 714 226 61 444 513 575 569 75 691 379 708 400 563 258 722 474 7 413 369 246 213 65 539 371 667 210 318 367 132 62 158 238 667 717 113 166 461 68 640 468 545 477 201 684 92 543 252 87 173 252 34 353 263 492 620 73 541 663 7 518 659 651 128 83 39 113 255 0 198 584 38 352 86 149 369 548 35 547 311 50 425 325 620 245 7 58 643 229 369 190 17 106 471 456 153 449 40 457 416 627 621 633 120 111 460 500 256 71 523 672 263 228 162 63 119 498 640 312 476 767 640 125
853
769 312 418 35 518 196 619 783 769 497 769 723 40 341 127 130 769 607 769 113 769 475 769 492 769 93 769 427 769 553 769 540 769 393 769 802 769 244 769 423 460 382 769 123 769 776 769 52 769 431 769 729 769 151 769 392 344 466 786 207 435 666 769 451 769 653 769 41 769 43 769 558 769 718 769 778 769 639 555 440 388 250 769 189 769 238 769 181 769 530 769 421 769 419 769 650 97 249 769 752 188 763 769 11 14 810 442 680 769 228 769 389 769 834 769 489 708 548 769 79 769 241 769 174 769 284 769 656 769 55 207 518 662 169 769 53 769 75 769 209 769 664 769 294 769 624 769 631 769 836 769 520 769 679 514 695 769 618 769 647 769 603 769 38 800 415 769 372 769 247 769 379 769 259 636 163 769 557 136 567 769 192 769 326 769 807 769 280 769 272 769 98 769 154 769 215 845 256 769 821 769 744 769 720 769 544 769 832 769 562 827 333 769 565 769 641 769 161 769 253 439 44 769 454 769 291 769 493 769 190 731 796 769 696 769 824 769 148 769 628 769 554 769 626 769 777 769 814 548 413 769 313 769 733 769 642 769 179 769 709 769 124 769 387 769 637 769 519 769 825 769 524 769 606 769 45 769 459 317 838 769 342 769 703 769 112 769 630 769 743 769 149 390 193 769 12 769 429 769 508 35 136 769 354 769 437 769 676 796 487 769 469 501 2 769 60 695 441 769 243 384 32 414 400 769 27 394 99 810 546 160 170 769 261 769 271 576 543 769 305 769 848 769 504 769 430 769 594 769 86 769 334 30 49 769 19 578 279 769 25 769 550 769 552 769 245 413 391 769 37 769 535 397 445 84 803 769 274 769 219 769 286 769 837 769 484 769 134 769 467 769 682 652 439 87 717 769 730
553
186 235 186 530 226 510 296 271 488 211 186 451 186 12 186 16 186 269 205 401 315 222 186 116 186 243 141 10 186 239 186 453 186 353 186 519 347 350 186 540 45 461 186 303 45 534 186 289 186 423 186 447 186 0 351 268 17 145 186 366 186 341 51 29 186 505 428 502 446 23 186 544 312 189 349 260 545 204 186 368 186 5 15 31 186 385 186 175 186 460 238 524 191 446 186 62 186 255 462 476 486 537 184 488 111 332 186 81 186 13 109 522 299 218 186 449 45 198 186 28 186 291 11 344 315 354 521 158 93 242 380 274 186 164 186 474 186 330 191 113 480 30 66 207 186 209 242 36 186 479 186 56 186 536 157 166 104 463 186 415 103 127 498 107 186 247 186 194 340 410 212 491 499 162 186 19
712
98 372 148 164 148 509 523 461 148 312 148 655 337 463 693 264 48 50 81 693 628 106 707 594 148 442 511 105 148 503 148 658 148 376 148 192 651 237 148 406 148 478 148 348 148 133 472 638 620 543 483 593 688 243 148 374 649 277 148 438 148 544 148 519 377 631 318 282 484 269 364 517 148 265 372 471 148 531 56 479 148 375 148 440 148 645 148 665 148 67 27 421 688 141 676 386 148 103 148 111 148 352 148 710 148 571 92 299 23 578 106 530 148 577 638 131 310 410 148 703 400 78 543 628 148 86 157 123 148 482 148 177 58 694 148 357 148 627 148 2 148 507 148 303 148 184 471 205 148 582 100 173 148 317 321 499 148 263 436 157 148 536 148 599 148 257 148 674 148 191 148 102 148 91 148 566 148 195 148 686 232 161 702 188 148 258 565 160 148 38 148 666 43 397 148 333 148 395 148 522 148 538 148 446 148 689 70 644 148 633 148 379 148 681 148 564 148 555 205 26 148 24 148 371 144 401 148 51 370 180 394 588 148 385 148 430 17 591 148 685 148 705 148 321 213 236 148 224 694 616 148 382 488 240 488 589 476 13 25 116 148 525 409 318 148 80 467 417 148 287 148 87 148 669 410 439 356 220 148 636 148 280 148 592 148 135 148 339 148 391 148 369 622 341 148 656 148 579 180 608 148 500 342 248 148 300 220 545 177 132 148 444 148 549 654 609 188 66 148 163 148 112 619 699 160 203 148 610 421 565 148 218 148 6 148 266 122 359 590 400 148 285 148 671 148 709 489 190 148 174 16 676 148 52 148 695 148 435 143 457 433 664 417 690 362 0 148 711 202 235 432 678
888
118 496 647 229 756 46 118 321 118 596 118 30 795 265 340 303 118 696 392 387 118 426 118 163 881 64 72 468 268 292 118 6 118 816 118 685 118 682 188 200 794 57 48 546 118 313 383 658 118 116 342 821 118 631 118 767 118 440 143 153 60 822 735 602 118 460 118 32 118 288 233 240 118 877 118 610 118 264 118 462 788 336 411 259 251 361 118 527 118 647 21 480 9 379 163 384 118 120 615 339 148 392 754 300 118 724 118 109 118 734 137 1 118 448 118 24 222 417 118 2 265 289 825 128 118 78 840 352 200 408 274 532 757 771 409 69 609 870 146 467 1 603 341 249 60 768 217 579 111 578 309 838 118 314 526 626 672 127 118 173 332 178 467 210 118 625 409 526 398 248 118 810 877 421 118 239 569 305 289 671 294 833 118 139 118 649 14 703 579 55 265 60 32 861 677 132 118 355 441 188 60 844 70 356 699 214 65 576 118 133 289 486 118 735 118 845 303 63 59 737 622 245 118 244 118 114 118 709 211 569 493 552 118 397 417 863 685 367 118 544 118 726 23 438 42 606 583 283 88 316 118 748 643 394 118 34 408 131 118 832 118 781 118 311 347 629 118 41 127 830 564 636 556 406 60 103 792 357 118 342 118 83 44 783 118 624 365 594 118 514 95 271 118 717 763 719 433 269 321 476 566 332 118 560
629
168 206 371 303 86 65 168 459 168 49 168 359 168 337 168 488 168 414 168 436 168 12 537 257 168 144 168 111 168 341 168 438 168 381 168 17 207 349 168 626 442 116 153 225 438 545 78 395 168 468 463 575 498 219 396 19 168 226 168 506 168 157 168 99 422 328 618 61 168 183 557 289 168 612 168 184 168 473 359 451 0 577 168 346 168 345 497 191 168 152 168 241 168 495 566 329 168 177 168 433 168 95 168 106 168 190 443 93 168 416 30 64 168 201 168 476 75 24 168 511 168 104 168 373 168 276 168 82 260 503 168 405 168 305 168 50 406 426 168 59 168 462 168 283 168 427 168 66 168 585 39 354 168 242 157 409 168 18 168 589 89 598 168 90 444 624 168 27 168 194 328 326 168 525 168 399 168 263 168 493 168 301 168 264 168 311 168 431 365 587 168 215 168 590 168 569 168 252 168 369 168 227 168 528 168 347 168 554 168 121 168 69 168 269 168 25 168 275 458 174 492 298 461 306 107 164 168 398 366 442 103 521 168 42 519 605
902
151 466 761 178 424 835 65 150 797 882 236 451 521 59 35 264 572 685 531 684 863 413 233 425 237 768 684 211 113 191 672 600 607 552 839 871 339 494 663 801 57 748 117 625 117 736 206 690 658 246 542 758 305 525 746 652 389 711 841 579 104 667 825 638 844 120 752 696 379 588 762 816 0 849 894 111 587 649 884 73 429 789 339 728 590 393 189 459 371 866 428 683 526 569 374 499 92 505 262 292 198 68 799 350 578 608 802 338 160 6 875 435 225 215 218 829 228 753 398 700 877 210 369 199 561 118 763 116 58 20 372 273 710 446 693 2 528 511 630 692 608 471 355 855 459 239 28 660 419 629 752 774 148 182 686 93 460 371 117 537 596 226 519 886 645 76 42 574 148 298 97 49 142 397 200 489 846 29 120 501 795 10 707 822 571 318 108 759 244 449 190 605 586 417 771 104 380 531 418 610 126 842 555 607 560 12 113 719 806 255 229 237 762 745 433 176 859 770 92 546 260 331 31 599 687 361 364 169 658 656 577 230 54 674 439 287 408 101 607 897 299 617 835 248 436 245 810 426 198 89 411 278 294 388 795 566 856 260 244 693 772 792 384 249 208 632 277 125 246 805 268 110 21 13 867 205 836 404 454 197 762 256 89 644 389 81 604 633 250 827 364 257 353 486 762 856 795 105 274 58 20 506 117 157 121 281 861 320 732 778 358 618 480 844 501 460 377 874 149 357 238 830 618 843 27 9 375 635 587 50 98 812 53 288 367 124 429 831 67 31 22 484 532 251 76 628 161 508 68 74 702 507 54 665 364 312 638 107 205 523 379 240 768 671 117 422 384 100 547 139 686 362 691 366 774 689 300 757 847 384 471 873 60 156 146 593 693 751 686 896 225 597 241 657 587 809 701 519
183
26 113 90 62 140 174 78 58 31 126 31 12 86 7 147 55 31 152 31 4 146 26 130 158 31 140 120 146 106 112 31 37 31 20 141 180 31 45 31 182 49 111 149 177 31 99 55 154 31 117 31 69 31 35 31 65 27 98 31 150 31 14 109 172 115 175 31 56 142 102 3 79 10 133 177 132 31 87 31 76 90 1 31 29 77 91 83 9
108
32 17 75 101 60 36 43 12 60 7 60 20 61 33 60 1 60 27 58 84 60 37 60 99 60 54 60 19 71 24 60 4 60 68 33 3 60 67 96 43 60 21 31 72 72 0 60 26 60 90 24 98 72 2 60 15 60 65 63 44 3 83
745
31 523 540 12 300 391 111 537 300 640 300 525 516 257 300 305 300 669 300 204 300 48 300 345 185 701 674 429 2 532 300 196 736 434 393 382 300 617 300 49 300 642 300 184 300 491 300 95 300 88 300 340 300 727 300 73 300 603 300 78 300 323 300 721 300 553 300 122 652 39 300 708 639 388 300 90 300 580 300 599 300 164 300 51 238 636 300 333 300 309 300 89 300 613 300 503 300 392 300 277 408 38 300 670 300 183 300 158 300 515 300 116 146 224 300 378 72 469 300 546 716 243 300 110 300 5 300 34 300 705 281 486 300 410 300 173 300 144 300 502 300 6 335 473 300 566 432 711 300 550 300 151 300 524 300 534 300 274 300 140 300 342 300 445 300 615 300 728 300 315 300 565 300 113 300 646 80 470 300 497 300 704 300 423 300 558 300 441 626 320 300 228 469 652 71 674 300 513 36 501 462 583 300 568 300 692 300 443 300 234 176 461 300 106 300 578 300 446 300 694 624 0 477 559 300 269 141 258 624 2 300 115 300 74 300 23 661 149 300 498 300 409 300 590 300 591 300 673 58 563 677 416 300 220 300 332 300 731 300 82 300 414 300 467 300 60 300 7 541 517 300 251 300 440 474 69 300 438 300 226 300 516 300 361 349 71 300 364 300 402 610 463 21 111 120 53 300 374 300 233 300 672 300 138 300 283 424 349 96 543 300 241 300 575 300 289 298 28 300 387 300 291 300 447 300 178 300 294 300 425 299 179 547 661 300 136 338 55 598 10
929
289 213 289 210 289 47 488 873 917 838 289 715 289 431 289 841 289 55 289 98 289 274 289 921 919 728 289 242 289 39 289 427 289 407 272 177 289 577 289 466 289 574 289 222 289 643 289 280 289 845 289 315 289 449 289 627 403 536 753 698 289 644 289 199 289 22 289 839 517 37 289 372 16 847 289 476 289 54 289 813 289 784 289 704 289 613 289 648 487 266 289 853 289 189 289 528 289 212 289 184 289 396 289 593 662 824 289 507 289 81 289 558 289 101 798 314 289 887 289 201 289 514 289 304 289 749 289 454 289 510 851 69 289 652 289 634 388 713 289 377 96 389 289 525 289 534 289 148 289 498 289 51 289 378 889 282 289 83 289 601 289 773 289 66 289 817 289 331 289 828 289 106 289 526 289 717 289 563 289 599 567 912 538 89 743 420 289 152 289 237 289 74 774 149 289 137 860 899 696 904 289 621 289 168 305 134 289 521 289 381 799 458 289 812 289 450 289 292 289 488 289 406 289 732 581 183 760 205 289 714 289 263 289 716 289 99 289 914 728 622 289 771 843 595 289 626 289 546 289 684 289 456 289 203 289 235 289 115 289 816 628 755 289 651 289 907 289 588 289 13 289 680 781 348 41 918 289 73 497 734 289 721 699 295 289 283 379 178 289 568 48 159 289 339 289 327 289 253 289 884 289 58 289 202 848 620 311 36 289 243 289 133 289 775 289 864 289 226 289 762 289 31 495 687 289 393 763 350 197 924 620 254 289 668 289 576 289 52 289 745 689 629 45 415 379 0 289 429 105 61 289 639 289 322 289 380 62 646 289 197 289 894 289 28 289 898 289 231 903 724 289 803 289 299 289 95 555 469 289 27 554 797 289 179 289 57 289 878 289 111 289 832 289 154 289 346 289 759 289 790 289 1 765 279 289 562 289 808 289 437 289 326 289 792 289 163 289 384 289 856 289 800 289 615 289 883 289 582 289 857 120 130 289 465 289 669 289 404 289 805 289 245 107 225 289 110 289 919 289 94 76 223 289 151 214 143 289 472
527
463 386 190 64 165 515 262 359 264 227 69 24 430 332 213 439 264 306 524 25 264 29 187 514 102 310 357 323 328 404 427 82 269 362 435 466 264 389 3 124 36 160 511 127 264 423 289 57 366 36 264 163 271 418 264 454 307 115 122 153 462 513 264 189 504 18 190 325 410 253 289 58 264 235 86 16 412 331 395 1 372 191 264 125 192 13 264 434 210 468 264 406 174 135 423 274 463 467 361 255 264 346 71 272 505 233 468 209 350 250 147 96 328 247 51 399 27 453 264 461 264 312 126 287 50 313 40 446 11 70 488 225 264 226 264 476 131 113 409 480 454 417 231 510 256 1 264 78 411 526 27 243 257 392 419 34 264 522 24 482 473 407 264 349 297 79 227 371 495 121 264 165
979
749 39 855 587 232 93 461 46 782 865 557 798 461 409 477 211 114 372 760 549 978 817 461 406 620 474 676 347 461 76 849 305 461 883 105 204 461 22 461 137 229 830 382 954 461 507 172 464 273 538 461 25 163 478 86 163 446 212 454 229 461 645 841 357 461 681 461 448 565 907 951 932 461 57 131 376 416 353 68 72 461 437 461 50 744 44 461 673 461 223 563 225 466 880 62 52 461 623 828 68 442 629 622 517 461 111 461 216 564 362 461 240 56 685 180 506 461 386 164 891 962 449 461 876 219 139 311 398 670 288 461 664 461 797 486 94 830 400 461 641 461 695 461 834 461 926 461 79 846 162 152 245 592 934 771 195 30 62 78 579 449 912 324 113 866 193 441 369 848 115 461 913 787 279 674 656 461 927 262 164 225 692 853 661 461 383 946 441 461 943 461 330 196 172 285 77 817 310 461 86 132 846 384 793 461 10 314 141 118 546 461 586 382 252 461 607 98 475 378 31 725 377 264 510 461 405 461 190 702 208 383 228 461 541 461 0 379 671 527 251 783 327 825 638 975 828 960 770 461 247 811 904 596 129 619 431 226 751 461 107 461 785 155 722 461 639 599 646 461 702 873 773 461 726 972 957 952 635 356 827 613 502 461 567 221 313 461 806 426 388 244 458 366 130 382 242 272 933 461 351 278 80 389 504 610 292 362 950 233 642 836 866 115 416 934 442 461 571 461 375 461 633 746 836 837 744 461 533 84 669 290 483 928 484 461 710 461 36 675 1 461 613 901 382 24 224 384 235 418 674 461 189 413 854 638 144 5 412 461 938 536 730 461 691 110 404 527 735 517 149 461 889 461 895 357 201 270 435 461 243 319 153 461 968 461 120 162 543 461 65 713 246 212 739 26 767 461 157 461 555 461 614 120 769 461 600 255 95 794 833 461 408 461 693 461 595 422 420 461 659 722 166 461 462 133 795 461 473 461 850 748 56 399 91 400 249 292 291 181 200 552 978 54 110 685 272 461 430 117 873 755 717 94 975 461 911 255 364 737 715 461 385 461 653 461 554 276 792 475 928 609 365 885 350 629 161 75 269 461 967 58 632 461 213 461 606 43 602 133 887 461 862
566
146 53 146 273 146 103 146 84 146 458 117 195 119 263 146 102 146 399 146 436 146 43 146 502 146 437 146 234 146 93 146 520 146 322 146 418 20 38 99 490 146 485 50 547 146 349 146 129 467 189 146 51 146 551 280 449 237 197 146 555 146 388 353 401 146 4 150 100 146 374 146 240 146 529 146 182 146 52 543 39 146 153 146 45 146 270 146 160 443 55 146 152 146 180 146 498 146 224 146 37 146 486 146 191 146 144 146 429 146 350 146 491 146 170 100 300 146 386 146 206 146 106 146 139 146 167 146 531 146 192 146 125 146 3 146 446 34 175 146 511 16 147 401 194 146 271 146 79 194 487 146 549 146 385 146 365 146 370 146 513 414 254 252 481 146 209 146 412 146 2 146 198 146 158 146 291 146 246 146 183 146 244 146 285 146 118 146 527 146 420 146 70 254 7
307
120 147 30 88 298 59 229 281 148 218 240 169 277 0 230 122 285 49 242 279 282 175 241 74 146 99 294 113 35 84 294 144 294 243 53 96 163 30 279 168 128 100 191 213 108 174 53 80 173 203 191 106 142 8 14 101 302 56 88 128 241 186 294 120 167 125 153 63 35 260 240 51 162 172 39 109 148 299 148 110 146 295 148 60 235 57 294 229 108 45 76 224 203 163 285 255 53 195
660
525 213 525 84 525 175 525 96 525 22 525 538 525 83 525 349 341 487 525 636 525 507 525 32 433 132 121 486 525 626 525 81 525 377 26 100 525 504 525 118 525 637 525 524 525 136 525 467 525 113 525 658 525 42 225 640 584 2 35 102 27 221 525 179 316 200 525 625 525 93 154 383 525 41 52 368 525 579 551 532 525 460 360 114 143 379 525 76 525 279 525 220 525 294 525 160 525 241 80 274 525 452 525 261 634 388 525 354 525 174 525 247 649 195 525 376 525 643 525 43 525 339 525 327 525 253 584 110 525 86 532 409 58 335 85 94 595 177 272 143 525 298 16 35 525 258 314 51 525 480 525 615 525 411 525 633 525 290 525 36 525 115 525 442 525 589 525 513 525 386 525 527 525 291 525 275 82 464 162 8 525 654 525 347 155 586 493 142 525 106 420 370 624 297 24 600 525 438 525 412 552 155 525 358 525 321 525 565 525 334 366 426 525 134 525 545 525 604 525 447 525 526 525 57 525 315 208 312 525 112 525 120 525 439 525 331 525 131 525 49 388 316 448 50 525 397 525 18 525 424 482 121 525 550 525 543 379 233 192 281 525 393 525 263 525 613 525 119 5 458 525 130 525 423 525 601 525 332 525 620 203 369 525 455 525 392 525 176 87 576 525 490 525 363 525 207 132 223 100 251 465 451 365 79 419 593 525 183 525 173 525 218 525 591 525 295 525 517 525 569 252 152 525 137 525 348 525 516 525 498 525 564 63 435 525 306 525 169 525 425 525 66 464 150 525 345 204 584 525 1 525 478 544 351 525 123 525 313 525 2 525 189
222
83 45 119 3 8 38 119 57 215 170 119 75 6 76 25 201 119 158 119 219 153 43 119 118 119 164 66 80 119 87 119 60 119 17 119 14 206 54 119 122 119 112 177 25 6 1 119 163 119 16 46 141 83 207 119 173 119 176 63 32 155 2 119 15 119 29 139 181 119 111 170 64 119 221 119 154 119 24 146 46 119 71 133 99 119 127 115 33 211 206 119 124 119 9 119 153 119 53 38 41 216 69
209
146 184 64 76 64 154 22 199 193 61 167 165 83 200 193 158 162 100 125 31 27 2 166 101 177 188 2 205 193 119 153 183 162 175 54 185 193 4 153 117 27 206 166 159 64 82 22 133 166 142 110 51 131 39 87 114 193 91 193 26 182 129 24 178 153 93 150 24
250
235 238 166 215 166 109 9 180 37 99 148 9 166 120 166 36 166 147 166 153 180 66 129 170 166 33 24 11 66 94 166 205 166 158 72 7 196 223 166 229 166 122 166 80 77 226 165 130 166 68 166 224 166 131 166 32 8 189 13 2 166 49 166 141 166 242 166 190 51 38 166 108 166 14 166 44 166 138 249 5 166 20 174 237 166 114 166 43 38 3 243 217 107 23 166 115 166 168 166 74 166 209 166 79 166 150 61 136 166 101 166 93 166 2 166 196 166 54 166 0 166 139 83 247 70 146 119 191 31 51
727
722 347 722 636 617 532 233 49 722 298 722 15 207 334 414 554 722 339 722 418 722 189 164 344 722 492 722 243 722 618 722 438 722 374 722 409 722 113 722 682 722 314 722 261 722 213 722 194 722 62 446 679 722 666 171 182 722 580 722 482 662 253 269 483 722 301 722 318 722 168 575 526 722 433 341 522 722 467 722 342 722 203 722 287 456 18 722 250 690 272 722 460 722 174 722 149 722 508 235 478 722 540 722 134 722 543 92 696 653 614 603 269 82 22 722 410 117 10 722 188 722 497 691 577 722 263 632 617 722 609 399 146 530 423 518 346 10 199 597 664 722 95 722 370 384 225 568 712 722 403 270 453 722 702 21 111 722 359 423 528 622 313 722 487 588 613 722 477 722 436 475 72 54 197 722 471 722 89 722 122 722 311 302 90 722 65 466 633 327 123 722 0 281 365 529 724 722 98 722 663 721 217 489 376 532 571 722 706 461 59 722 196 722 421 48 302 722 606 722 290 722 516 722 275 392 475 253 582 722 284 478 530 722 387 722 11 420 611 279 514 97 513 722 631 199 699 722 381 18 69 722 356 180 247 305 106 579 502 722 509 722 294 573 489 26 641 722 330 722 640 722 358 722 385 722 254 722 673 722 104 722 24 87 47 128 635 722 211 722 36 722 331 722 394 658 484 722 715 722 619 175 68 722 366 514 81 722 425 334 534 722 429 722 184 722 720 722 472 722 319 722 204 299 464 722 202 156 653 534 363 722 536 722 444 153 691 722 28 722 396 722 212 722 719 722 539 582 457 722 524 722 37 605 327 722 51 722 388 722 647 670 183 273 262 722 726 722 567 246 285 672 701 541 672 16 558 85 632 633 52 722 348 722 96 722 615 722 159 722 531 722 371 722 570 722 19 705 412 722 687 722 252 679 143 722 440 722 130 123 547 722 595 722 228 9 661 722 308
781
155 187 373 743 621 464 481 526 182 432 740 684 486 344 402 452 378 153 431 88 680 1 489 258 533 267 416 144 675 216 733 382 326 81 42 500 481 283 552 663 519 565 68 289 115 627 745 334 481 102 138 221 13 232 631 7 135 619 380 454 267 239 359 173 567 139 405 694 320 458 405 330 374 372 481 753 76 235 223 379 770 716 423 56 373 562 320 392 590 479 734 82 243 256 481 658 315 236 548 674 732 328 185 240 9 128 613 492 590 560 102 407 162 324 481 552 731 423 481 343 37 209 235 278 11 467 459 409 499 598 340 70 599 645 690 721 473 780 481 135 654 630 481 421 675 79 194 113 93 489 607 563 422 323 709 747 333 307 286 462 30 685 715 262 510 270 754 729 481 533 753 19 201 5 373 485 188 52 69 39 253 9 593 541 91 119 440 238 427 292 646 546 481 172 154 698 234 778 224 230 286 508 175 739 422 74 131 566 613 10 4 649 589 50 481 68 178 472 97 129 774 92 481 475 212 205 89 436 680 0 481 612 270 673 110 165 210 713 552 520 65 191 377 638 441 259 481 315 515 399 666 480 405 24 102 42 117 681 148 286 389 313 762 439 653 241 632 376 570 271 780 567 775 776 298 414 340 678 234 333 268 384 481 578
500
187 63 187 146 187 308 187 312 408 444 331 104 187 66 377 249 187 166 448 495 187 389 206 255 187 321 187 16 187 302 187 327 213 223 187 341 92 394 39 379 33 10 421 209 187 58 187 494 187 180 187 155 187 124 187 75 187 357 187 412 187 148 187 51 187 370 377 171 187 465 187 376 187 450 187 221 174 36 187 350 68 431 187 21 421 386 10 76 394 99 187 107 187 493 187 233 377 17 421 18 187 443 187 40 187 178 256 417 445 325 401 303 377 373 187 20 182 227 187 487 187 212 187 322 187 441 187 31 227 408 187 110 187 127 276 338 187 207 347 349 23 192 187 122 187 396 187 117 187 97 187 388 187 458 187 231 187 344 187 409 187 288 187 264 187 193 187 489 187 86 187 157 338 226 187 153 68 215 187 250 187 145 187 329 187 90 187 54 187 47 187 263
600
242 35 81 420 106 123 120 405 82 69 510 393 5 506 587 537 173 44 550 370 413 241 243 252 259 98 301 568 162 581 173 133 513 543 249 594 410 591 173 575 5 121 26 266 454 190 491 397 173 36 501 100 300 533 409 154 173 521 545 371 173 84 593 517 267 598 173 149 353 169 173 168 310 161 275 224 173 194 237 116 173 547 319 112 173 529 173 488 173 437 173 85 95 474 255 502 404 512 551 164 350 298 467 480 233 306 173 106 365 148 571 323 537 490 132 399 173 160 173 558 588 297 173 305 173 435 361 22 489 122 173 295 173 273 173 223 173 571 37 67 173 188 183 519 260 504 438 138 173 172 20 440 228 313 173 157 14 90 173 144 173 46 111 210 374 552 35 330 440 21 387 402 472 182 580 289 173 390 173 200 501 441 344 349 377 302 517 41 173 248 453 489 173 542 203 197 312 141 194 225 173 81 173 432 492 280 331 387 562 551 357 17 173 318 23 468 173 132 184 193 122 109 100 388 173 281 250 556 255 493 173 249 286 584 276 192 229 500 327 486 389 214 173 275 322 567 14 559 173 359 264 54 550 510 232 272 63 11 173 300 590 253 71 580 205 531 173 276 576 96 305 466 517 177 72 1 251 291 15 189 173 350 173 183 432 464 384 352 173 301 16 564 173 477 339 283 26 254 173 264 593 269 305 536 424 207 173 204 457 487 435 391
465
132 389 324 143 294 20 324 211 413 221 83 446 206 112 260 63 324 5 322 118 430 84 439 239 324 90 324 65 244 290 416 274 449 366 59 38 343 27 324 198 324 386 324 91 201 306 23 459 380 242 213 281 324 152 420 423 324 289 2 420 324 432 131 223 170 68 121 202 317 305 220 86 324 184 167 410 407 157 324 292 364 439 127 335 324 232 381 163 49 362 81 269 293 236 358 98 380 264 324 315 324 140 324 248 329 415 324 170 137 326 400 427 409 158 324 59 241 120 324 321 452 111 403 53 423 193 324 21 414 372 166 308 324 261 44 227 10 265 20 373 324 130 324 436 324 16 261 154 324 66 324 217 78 195 122 365 360 413 300 293 324 181 324 438 394 123 0 298 324 93 384 260 324 262 324 167 273 197 319 138 324 403 11 220 123 177 70 208 124 400 324 73 9 404 190 29 65 215 101 8 431 162 38 100 305 126 206 201 223 448 194 160 48 6 51 0 59 166 216 230 338 145 147 37 239 319 96 200 222 229 142 67 265 49 324 74 275 3
636
555 27 400 174 555 92 555 519 555 182 555 170 555 98 555 622 315 564 555 151 555 186 555 499 300 465 555 443 37 239 513 317 555 116 58 321 555 193 557 0 110 504 555 466 21 110 555 209 555 264 435 327 555 4 555 247 555 212 555 621 555 370 555 518 555 516 555 91 555 506 555 44 555 241 555 109 555 52 555 501 345 365 250 323 555 563 451 89 555 428 555 497 555 223 167 451 555 204 577 545 555 130 385 181 504 277 126 6 555 242 555 257 612 287 555 339 533 146 555 75 555 494 77 332 555 262 555 420 386 206 555 87 555 14 555 602 148 301 555 586 555 452 555 379 555 291 555 70 555 50 555 187 555 426 557 1 555 346 555 83 594 185 17 505 555 458 432 385 311 382 555 195 555 383 555 536 555 453 555 415 555 63 555 495 555 65 82 69 555 159 555 115 555 163 555 492 555 156 555 308 555 215 555 430 555 77 422 141 555 205 555 609 555 457 555 349 555 523 555 524 399 538 555 114 33 441 164 21 555 53
956
125 266 554 762 932 807 258 440 554 376 524 224 66 102 695 945 554 953 554 196 554 204 496 354 554 812 401 865 554 864 897 448 776 839 31 704 140 613 587 745 536 16 526 61 554 4 409 89 554 523 608 26 759 107 326 14 924 329 554 211 554 858 325 0 416 584 376 943 559 104 554 834 554 113 154 1 757 193 651 403 554 88 101 209 397 269 554 846 290 214 544 126 554 100 724 155 269 548 149 333 554 886 52 796 176 662 554 355 477 468 925 5 554 212 79 280 559 276 720 309 295 749 554 710 242 123 626 108 278 874 329 507 554 148 554 260 378 793 554 172 421 691 554 370 554 187 136 145 554 877 388 646 554 289 580 394 942 60 436 845 406 601 904 647 24 868 554 542 309 56 671 527 493 238 111 310 357 441 103 703 554 454 274 559 924 92 554 472 247 718 183 105 554 81 506 767 541 651 554 165 690 139 861 432 537 484 471 708 620 450 944 701 582 597 152 497 554 911 493 723 652 579 65 121 554 822 62 10 255 242 833 249 132 502 738 83 124 278 554 668 403 428 554 936 197 617 30 777 154 818 490 264 554 347 306 402 766 350 612 111 722 933 2 153 625 395 554 477 554 380 789 915 613 813 410 756 793 365 381 753 64 774 57 236 18 739 118 781 554 927 156 154 407 599 47 469 554 132 554 230 554 55 422 184 518 246 554 143 553 338 657 247 772 36 610 938 572 878 554 890 533 929 161 939 191 197 798 299 82 575 554 12 809 205 826 562 318 673 554 491 876 296 51 423 554 623 554 430 765 743 554 937 790 667 807 517 606 760 554 146 933 487 554 546 498 661 559 383 554 140 554 170 554 232 155 72 129 916 359 570 554 287 554 270 554 528 554 245 554 298 301 697 335 2 327 913 574 240 837 782 160 427 246 475 554 550
546
498 355 498 454 162 397 411 100 498 71 498 337 170 117 498 466 456 461 266 370 133 275 205 40 498 306 498 440 498 420 95 81 140 487 133 196 38 234 109 384 393 269 498 146 498 335 498 135 168 482 498 7 498 519 382 342 154 225 361 46 498 266 83 294 498 176 498 526 59 32 457 377 498 496 32 148 498 70 527 378 11 210 498 412 389 80 498 246 492 20 539 427 454 409 169 120 498 83 498 426 414 492 498 129 271 184 498 231 266 123 498 486 498 529 303 21 452 172 258 215 346 281 232 147 94 354 498 451 325 136 176 505 498 349 238 544 69 271 396 27 12 293 498 433 498 277 501 124 498 321 229 227 57 250 498 394 498 408 498 341 498 238 334 43 48 159 17 323 498 142 498 154 219 285 217 149 498 14 344 334 415 274 498 256 374 462 498 333 358 107 463 265 498 282 176 298 149 494 498 126 27 88 539 327 277 237 104 191 218 260 76 318 39 414 498 442 503 346 498 26 224 483 498 205 491 4
474
117 333 198 65 48 197 399 271 117 189 117 348 117 207 92 349 117 359 117 24 117 180 272 360 125 77 117 296 117 243 117 97 117 46 54 28 117 130 235 33 117 209 240 423 117 338 182 27 96 176 117 172 436 184 117 411 117 277 117 136 117 413 117 22 117 287 117 19 117 448 117 169 117 307 237 289 117 430 117 193 117 290 117 90 117 435 117 129 139 440 117 346 282 108 117 446 117 322 117 71 197 345 117 219 371 35 117 461 117 210 117 238 232 140 289 232 117 58 185 29 117 10 117 7 117 314 140 158 117 30 73 187 397 285 374 174 72 421 117 98 117 323 310 438 117 14 187 8 117 216 160 321 117 465 331 186 117 83 117 215 117 220 117 263 117 335 8 295 375 89 117 260 117 133 280 214 117 91 117 126 388 428 221 73 117 420 423 118 117 456 128 84 117 292 62 139 117 2 117 116 117 414 117 203 37 240 117 473 117 391 117 88 214 313 117 102 244 388 117 422 416 12 117 268 352 310 117 135 111 206 349 248 117 424 117 132 117 376 400 2 117 328 117 469 117 149 117 378 117 253 117 312 117 50 117 472 403 417 117 334 117 162 117 156 117 242 117 211 117 453 117 199 117 144 112 106 117 15 117 319
125
110 86 30 87 110 76 61 44 110 90 108 105 54 11 17 48 110 100 110 91 106 1 110 61 78 67 110 82 110 83 4 33 110 96 110 9 110 42 37 45 28 109 103 119 110 46 106 2 110 28 6 99 110 51 33 73
938
863 736 863 621 863 868 328 380 934 740 487 377 878 404 330 237 863 305 319 641 863 900 77 876 863 885 863 515 863 242 329 471 146 394 549 63 744 594 482 756 27 904 863 355 585 872 359 691 863 230 855 860 863 743 863 60 424 79 210 604 903 914 24 699 863 135 291 112 909 476 593 683 534 224 863 798 863 342 698 532 705 176 863 521 863 676 863 361 754 455 747 323 524 162 863 131 120 42 894 48 863 936 884 813 262 470 863 137 863 654 863 277 863 428 863 697 285 581 752 664 863 826 863 475 863 907 863 96 863 534 863 817 863 662 863 335 863 316 728 429 67 210 332 6 863 300 730 575 841 485 863 152 863 839 41 313 863 486 589 638 485 935 863 52 504 44 283 16 863 651 863 116 234 325 728 888 874 58 863 211 125 909 863 292 863 29 863 892 737 272 83 294 624 128 863 669 863 784 863 433 863 68 429 844 863 153 776 203 863 18 863 75 863 227 863 373 894 766 567 624 863 777 712 89 664 771 618 26 182 1 463 169 762 752 894 293 319 750 91 157 452 514 573 681 705 359 863 911 718 847 863 837 95 518 863 410 863 340 169 254 672 538 728 1 485 498 546 468 845 426 441 192 216 287 863 815 110 302 863 507 239 282 863 729 863 397 863 810 624 785 219 738 863 773 716 854 44 349 719 787 905 175 793 249 603 296 863 36 442 465 809 177 863 47 471 11 863 902 95 734 214 719 863 59 366 919 173 886 442 818 863 912 863 273 257 889 394 161 595 262 603 593 863 317 700 772 863 547 524 568 863 617 492 929 863 540 863 256 863 389 577 34 863 5 600 894 308 182 299 17 575 739 55 401 863 657 863 204 78 925 863 110 259 865 36 276 581 667 863 694 863 264 863 660 293 567 352 609 480 194 863 674 863 413 863 215 36 693 863 924 863 235 863 579 863 295 63 56 863 922 863 869 863 745 56 92 863 178 863 551 863 275 223 196 863 367 298 585 863 432 863 933 241 480 425 855 863 311 909 672 863 522 863 890 289 330 32 259 889 758 863 843 666 98 863 821 863 408 863 794 705 366 863 251 863 602 755 105 863 632 863 234 863 684 500 391 145 584 343 453 863 840 416 668 724 596 863 406 395 392 477 481 863 57 863 915 749 563 863 640 73 809 863 658 863 576 511 499 863 447 473 875 238 825 863 848
435
17 289 125 153 32 401 309 327 26 228 318 200 77 143 155 359 279 59 130 406 242 27 321 251 17 354 262 323 211 51 230 130 322 316 7 339 414 310 323 370 422 369 113 36 26 261 10 66 420 221 209 86 378 25 239 120 116 382 85 223 26 183 183 335 26 133 209 349 66 314 291 28 158 217 26 106 26 135 196 426 422 114 344 5 374 260 80 380 22 6 215 187 385 35 151 234 4 399 26 391 297 144 265 62 26 274 160 218 414 172 19 156 392 1 142 361 26 203 31 165 385 424 212 117 89 158 26 77 190 189 111 422 239 407 175 202 15 238 247 387 106 193 96 432 133 176 148 137 149 312 26 168 279 356 26 338 17 111 426 12 118 95 341 365 216 231 252 224 74 16 188 196 26 366 26 191 188 262 26 118 26 166 233 220 213 208 175 138 291 376 405 113 191 295 26 290 203 70 26 197 344 150 175 162 274 404 26 81 184 65 408 403 354 105 383 131 432 63 133 225 26 388 67 195 413 409 26 428 26 247 338 419 284 402 314 186 33 346 62 104 26 344 427 384 275 8
779
566 95 312 71 312 189 312 723 312 39 312 416 312 617 599 120 312 406 312 537 312 597 312 502 312 373 312 541 312 485 312 492 312 30 312 592 312 549 312 713 312 222 312 169 312 24 312 198 130 301 312 733 312 342 312 98 312 61 312 478 250 751 312 481 312 374 312 368 312 75 312 400 312 338 312 157 312 115 312 449 312 722 312 345 312 311 312 750 312 767 312 762 312 618 312 727 312 737 312 754 238 203 312 322 312 96 109 476 312 442 312 683 312 36 336 647 312 539 312 721 312 348 312 277 312 570 312 29 312 255 312 103 409 669 312 503 312 471 312 510 312 64 312 712 657 467 312 545 312 265 312 638 312 421 312 67 312 233 312 1 258 716 325 300 576 49 312 165 209 413 312 7 312 605 548 358 312 355 312 470 360 19 312 640 312 21 312 635 312 365 312 464 312 181 312 276 312 321 312 119 239 78 312 407 669 141 312 744 701 124 312 363 312 463 312 586 312 705 312 86 312 758 312 393 258 0 312 239 312 182 312 462 312 473 312 127 312 484 312 759 312 448 312 419 312 133
129
74 103 74 98 74 9 74 68 74 46 74 118 74 38 12 5 80 93 57 70 74 81 74 20 74 54 4 43 114 116 74 58 74 124 74 28 74 66
405
2 379 32 189 2 229 238 329 292 272 2 275 2 200 353 16 2 174 2 169 123 336 371 209 121 349 303 56 2 262 2 114 2 365 105 377 230 8 196 266 2 279 2 62 2 10 365 368 2 42 2 258 334 260 198 24 251 243 2 88 2 59 297 334 394 55 2 333 156 331 2 319 2 256 367 77 2 197 2 100 2 366 2 49 77 196 2 74 287 86 53 276 1 129 2 6 308 207 2 183 2 147 2 370 188 64 139 218 2 180 2 289 55 117 2 165 2 7 2 360 67 310 2 277 2 271 194 93 2 286 2 91 2 267 43 404 2 3 2 302 2 1 2 263 2 87 2 65 209 194 2 274
458
410 403 151 353 393 57 346 244 410 65 211 316 330 393 389 334 380 76 160 138 129 108 217 167 295 157 14 453 26 1 272 8 410 126 410 121 410 176 410 332 410 426 135 373 410 197 410 229 410 432 19 30 224 179 198 306 410 372 250 333 410 212 123 249 410 264 73 376 282 115 410 11 179 338 410 63 274 411 85 127 410 313 410 404 165 445 410 326 410 443 209 196 410 451 410 55 345 222 410 22 106 1 410 262 245 183 421 245 305 99 410 321 431 386 410 193 410 324 410 446 410 219 251 68 267 408 410 203 410 186 410 457 410 227 407 147 410 43 452 392 410 293 11 269 410 33 277 424
873
727 768 401 272 413 20 312 270 671 546 727 624 544 212 105 147 775 235 835 145 718 234 723 153 42 269 498 690 623 215 425 867 199 849 71 616 440 699 445 818 843 87 871 686 217 126 68 701 65 708 595 784 755 591 510 719 727 92 500 173 272 75 793 58 708 240 871 23 727 531 809 282 18 643 554 295 727 582 93 144 727 193 672 726 633 381 727 795 727 417 727 342 752 9 113 232 727 743 222 94 684 442 727 464 210 835 315 93 727 90 835 360 727 786 517 773 76 700 353 132 809 368 438 799 594 770 509 40 737 206 596 507 201 633 571 430 727 692 620 71 623 583 715 809 678 110 299 380 727 157 91 82 489 239 727 259 381 511 727 793 505 560 174 394 642 671 3 670 423 502 20 516 727 182 468 118 817 618 119 450 619 152 475 17 737 820 727 760 678 48 539 471 727 853 547 63 386 823 113 378 727 166 204 574 249 715 125 814 117 637 727 475 727 427 727 72 56 65 41 656 849 385 341 276 493 298 727 383 727 131 218 480 371 463 200 756 539 420 645 242 69 285 683 345 656 1 35 771 435 754 389 14 147 155 727 44 253 364 730 488 430 214 28 543 234 122 646 479 600 736 208 522 736 781 581 388 656 0 791 379 60 848 371 362 737 396 727 307 727 761 627 222 727 558 29 608 311 523 727 280 505 870 640 592 522 711 90 527 47 38 570 284 195 821 528 227
251
100 189 220 29 220 222 201 11 220 28 100 140 100 14 100 79 100 159 2 33 220 7 100 144 100 174 100 59 100 145 22 223 220 250 117 164 16 86 100 126 158 205 100 107 220 93 100 109 100 156 100 196 240 201 100 165 78 122 100 149 100 9 220 103 100 148 100 61 100 212 100 60 100 25 100 130 100 5 100 194 100 113
631
228 494 228 626 228 11 431 41 228 179 228 14 228 222 228 195 228 145 35 372 228 497 228 504 372 93 228 629 228 318 228 575 228 370 228 345 228 357 255 375 228 310 621 124 228 158 228 250 228 624 228 420 439 182 228 410 609 363 228 549 228 436 534 78 399 601 365 435 228 622 228 470 228 396 228 328 228 274 228 120 449 609 150 219 48 495 228 4 78 59 228 161 536 170 619 602 228 316 228 87 228 200 228 210 228 259 34 31 248 524 228 165 448 464 228 30 228 477 228 217 228 412 228 332 228 235 228 169 228 502 483 303 228 371 536 431 228 172 228 518 228 456 630 510 480 98 173 541 228 424 203 453 228 243 228 391 535 533 228 113 273 218 228 226 117 248 228 143 228 623 228 384 428 34 60 414 372 446 228 441 228 167 228 258 228 18 228 586 121 280 414 275 228 459 228 526 228 558 228 134 228 398 421 287 119 66 228 324 231 85 228 171 98 276 228 572 228 596 228 476 228 19 228 330 228 327 228 339 228 116 228 409 228 611 520 457 490 428 495 403 228 230 228 592 228 610 228 257 228 516 228 353 228 9 228 106 467 43 228 73 228 509 228 242 228 322 228 69 285 3 228 557 228 415 228 530 228 594 228 23 228 360 228 417 303 63 228 511 228 356 240 208 59 138 228 194
929
769 636 212 376 319 345 242 463 328 29 559 756 675 216 380 500 411 464 220 651 106 789 30 882 728 638 404 921 712 35 771 712 303 663 263 415 581 637 722 139 782 425 627 360 434 125 687 491 782 642 571 446 660 89 419 669 530 520 720 95 905 825 30 202 313 365 411 281 220 583 576 588 106 219 669 684 732 280 548 22 480 282 260 211 534 554 732 166 540 245 697 271 519 738 5 252 840 364 432 890 918 147 640 255 867 662 635 722 160 916 305 590 380 115 668 160 200 244 106 30 635 640 387 787 305 21 198 243 57 231 569 278 143 538 595 563 577 241 38 924 750 478 850 151 374 391 732 99 324 200 840 534 484 822 5 361 828 225 419 831 567 222 635 569 180 198 893 383 302 729 409 18 656 868 567 401 508 52 842 851 902 765 862 395 675 926 655 886 89 409 856 336 180 820 197 863 341 743 438 714 148 854 565 872 732 484 221 770 109 263 380 321 219 678 219 381 892 80 387 875 886 645 124 327 380 301 170 664 733 36 98 904 305 900 789 322 840 630 219 601 789 858 30 887 840 703 180 431 337 759 403 114 127 108 42 928 148 837 864 103 256 19 782 2 380 82 818 384 233 739 88 178 756 223 840 700 450 164 620 673 732 338 782 447 635 94 796 157 477 625 283 796 902 719 598 77 184 1 30 646 180 402 363 635 496 451 334 474 518 727 219 622 571 144 172 284 652 191 872 124 732 778 762 445 219 149 306 158 635 432 623 895 150 210 387 250 57 349 474 426 895 612 782 1 138 792 732 167 797 350 918 920 462 468 522 38 824 138 380 910 106 615 680 495 50 808 388 356 849 742 849 12 106 840 918 777 852 184 918 725 821 634 219 784 294 128 1 568
331
198 112 31 29 31 164 31 106 330 203 31 245 316 133 277 321 31 53 311 105 31 199 31 102 84 264 31 217 31 216 225 198 170 40 50 15 311 313 171 24 170 223 176 161 133 167 50 139 31 288 31 101 31 82 133 64 31 293 31 75 224 303 251 34 311 78 31 177 31 257 226 298 326 73 69 150 50 252 10 224 127 146 31 87 203 36 31 179 236 3 31 91 31 172 311 186 198 128 298 277 311 261 149 248 31 206 31 168 198 26 31 195 31 276 31 210 31 46 31 88 68 326 36 236 31 65 93 49 31 262 50 242 31 317 31 13 31 111 31 315 31 220 31 302 31 145 258 141 321 83 157 233 31 259 175 279 31 47 31 190 31 124 31 22 31 33 136 50 31 229 50 188 198 117 133 154 31 307 182 57 31 96 97 23 300 86 108 194 31 45 311 8 31 165
518
369 348 277 432 153 412 168 385 174 5 442 343 354 157 141 98 424 248 68 197 208 202 190 112 136 207 455 170 366 144 164 443 164 171 166 240 42 25 334 456 397 305 95 105 148 277 193 156 205 314 509 337 397 226 270 499 150 95 240 504 254 269 1 381 109 364 98 126 197 118 318 35 301 215 404 403 382 374 385 7 264 339 223 36 37 230 384 511 366 420 451 383 139 33 451 287 74 107 451 386 261 253 258 312 428 97 462 344 473 27 181 384 104 242 153 406 480 285 468 73 207 238 98 300 174 255 366 40 98 235 365 401 377 232 224 414 280 251 353 438 442 397 365 514 451 439 101 41 465 509 442 23 273 179 333 96 221 88 49 190 453 178 103 331 152 191 104 450 52 341 366 461 4 272 59 468
490
192 391 136 260 136 297 136 399 4 128 59 445 136 4 222 426 136 261 328 246 470 134 454 446 136 276 148 484 436 352 136 307 83 475 209 294 136 76 136 202 330 232 15 43 136 115 387 2 136 62 249 133 198 304 91 348 136 427 97 242 177 282 136 8 255 354 136 258 71 249 136 167 362 88 33 488 136 453 79 485 136 324 146 139 136 141 136 385 136 456 457 250 136 113 259 223 136 161 80 18 136 184 254 458 314 363 136 198 316 295 136 365 390 477 461 105 136 264 136 306 116 428 151 263 482 438 136 284 136 362 136 90 399 25 112 45 254 60 136 104 136 178 470 180 18 97 115 226 395 465 212 217 448 344 136 41 332 16 136 270 136 55 261 119 419 85 192 271 136 164 107 404 136 11 136 346 215 368 136 192 136 389 230 424 321 272 93 378 136 61 136 355 136 222 28 59 141 415 171 199 136 469 384 253 136 333 312 388 192 370 171 132 136 83 31 425
394
333 257 329 212 333 70 333 161 188 308 333 136 333 246 333 182 189 184 82 181 333 390 333 179 310 170 333 242 333 206 145 264 82 167 96 254 333 133 68 228 336 364 333 6 333 82 333 220 8 31 77 290 145 208 381 4 333 137 333 204 203 56 333 41 32 191 333 93 275 339 333 303 333 105 333 89 120 26 313 323 333 57 333 103 333 350 261 15 333 243 333 340 333 317 312 177 382 370 333 49 295 163 14 387 180 1 4 372 330 143 333 294 333 388 333 106 333 114 333 315 333 11 75 384 27 125 260 265 14 367 27 139 164 348 333 77 258 164 333 119 81 45 153 351 333 126 254 188 261 229 141 91 333 79 82 140 333 298 333 51 333 193 107 310 333 58 316 189 333 157 118 14 333 343 133 13 270 342 342 297 333 287
972
223 610 401 461 704 28 745 349 588 827 759 671 630 0 90 109 940 90 672 359 958 435 121 346 171 595 924 402 548 54 598 201 246 97 500 613 512 955 869 296 421 744 625 309 353 185 923 81 686 175 940 928 596 805 313 488 847 370 462 266 849 899 940 745 96 871 940 424 678 248 654 196 237 400 89 793 24 865 928 505 869 119 257 250 588 749 279 528 852 117 428 336 529 161 242 89 689 664 904 77 72 514 257 145 760 694 462 42 533 330 177 619 843 964 622 644 182 512 940 861 184 260 235 942 369 565 90 480 312 235 56 659 382 252 380 571 605 140 305 493 182 823 462 120 679 578 928 396 109 301 689 84 171 538 940 313 869 656 940 421 931 712 940 484 940 415 370 222 282 385 514 343 949 50 361 490 158 906 188 314 672 520 645 410 302 376 852 327 940 870 280 274 414 383 222 795 717 448 77 83 745 178 280 890 257 798 424 715 158 56 369 82 499 61 424 627 516 344 251 437 607 810 137 468 467 770 923 423 588 125 940 369 543 651 171 251 923 372 253 776 682 80 795 687 558 387 920 277 367 69 608 368 767 555 841 880 2 868 91 611 414 224 672 101 676 105 654 132 748 713 172 263 424 962 535 723 589 847 559 67 342 1 888 374 672 335 868 363 869 408 588 769 532 519 267 843 63 774 588 855 36 75 189 288 262 844 237 371 15 762 712 126 421 529 430 503 406 397 681 751 59 10 763 575 639 904 183 851 534 86 280 916 8 807 761 816 647 841 890 884 690 149 171 135 710 765 897 828 59 730 90 108 605 188 546 653 654 754 940 406 344 929 856 326 458 684 232 36 394 378 402 705 859 128 689 40 850 951 238 685 38 958 506 733 940 91 237 545 324 472 968 121 935 577 939 967 414 780 158 404 669 629 182 181 940 462 588 650 415 637 923 247 251 674 279 281 717 110 430 496 406 439 59 518 415 949 940 960 182 351 970 630 940 748 940 897 699 239 148 442 940 869 172 704 928 609 456 362 748 554 248 885 48 433 940 430 700 879 588 943 421 211 806 453 588 911 424 584 708 548 800 952 421 243 23 16 395 721 689 321 493 917 303 114 135 918 613 740 588 57 930 655 940 150 76 735 131 589 415 373 118 594 90 700 12 265 414 464 940 923 313 220 271 727 923 566 277 445 456 853 947 184 912 948 670 353 379 710 510 535 377 3 273 506 633 431 380 425 162 789 616 160 740 549 78 550 58 199 242 88 424 587 414 842
935
311 843 311 259 181 48 311 200 311 724 311 823 311 266 311 747 311 629 8 117 8 659 625 185 311 522 311 368 311 734 96 874 311 322 311 207 311 679 86 61 169 846 311 107 311 261 311 933 311 15 311 386 311 533 311 481 311 230 555 189 311 588 311 598 311 59 311 406 311 881 517 841 311 57 311 439 311 442 311 69 311 818 311 853 311 901 152 279 920 137 311 491 831 165 311 241 311 683 311 784 311 865 105 857 311 361 311 669 311 770 96 268 202 203 474 348 520 575 530 54 311 751 311 333 311 378 311 390 311 0 827 235 311 791 311 464 311 33 311 177 907 320 311 836 54 255 311 212 311 4 311 639 311 79 311 570 597 214 311 929 311 673 488 379 311 36 311 805 311 153 311 705 311 816 311 182 681 649 311 515 311 671 311 549 162 174 311 531 311 88 311 812 311 56 311 257 311 307 311 94 311 641 461 472 311 542 311 157 311 343 311 437 311 326 781 605 311 479 311 100 311 81 311 637 311 653 311 218 311 564 810 375 656 417 311 845 226 916 311 188 311 427 311 319 484 687 311 394 311 677 311 224 311 398 311 614 311 447 311 592 311 737 311 97 311 891 311 80 311 330 311 196 311 859 148 338 311 710 311 194 311 862 738 928 311 346 311 486 414 0 311 263 311 287 311 198 311 252 311 514 311 667 311 752 311 404 543 271 311 774 311 402 311 167 425 332 311 243 311 927 311 195 311 888 311 925 654 798 311 387 311 551 311 68 311 357 311 227 311 566 311 700 311 460 32 10 610 851 311 567 311 438 311 884 311 630 934 656 311 178 311 511
825
572 627 263 435 565 330 457 438 112 569 30 752 45 190 30 478 160 78 397 93 30 577 30 447 282 789 384 89 384 551 30 792 30 451 30 343 168 499 30 693 563 552 45 351 636 303 440 774 481 92 30 364 42 22 458 401 30 36 287 657 30 714 30 369 689 411 417 806 637 765 171 808 3 733 197 214 291 193 565 678 161 562 351 511 45 665 30 41 179 38 30 492 372 332 565 285 30 177 366 696 778 546 25 201 614 668 30 71 184 566 45 275 97 446 30 545 30 12 384 641 259 393 95 529 30 809 30 241 30 17 593 302 384 554 636 98 321 271 565 379 78 180 633 727 636 154 45 450 229 461 519 479 30 445 30 580 721 48 238 353 217 57 30 567 586 197 568 223 30 174 657 114 288 4 200 471 544 510 30 274 536 555 30 782 642 107 30 694 636 501 127 170 673 675 445 135 220 433 636 185 684 126 817 649 30 607 30 277 753 203 30 165 440 317 209 97 217 23 30 389 676 541 30 33 45 779 551 204 426 667 81 414 481 453 30 573 440 192 30 763 350 574 41 334 100 1 503 598 30 129 30 758 552 636 30 542 636 340 384 780 128 282 699 143 179 273 781 132 100 0 796 240 30 705 30 740 228 611 165 121 30 346 30 553 317 175 697 407 30 745 627 295 191 375 647 547 587 9 217 325 7 382 309 324 636 402 198 218 30 77 313 517 30 264 426 106 35 519 2 426 174 211 679 736 739 2 47 219 327 823 676 523 346 456 30 631 30 311 767 301 117 591 30 254 540 800 30 489 217 622 392 704 437 605 30 159 30 490 30 134
845
285 320 594 580 633 611 722 80 121 119 227 346 841 147 537 720 703 127 198 159 730 374 213 700 121 59 820 647 369 32 77 780 620 270 598 658 112 830 485 264 59 712 219 636 350 663 246 773 91 632 800 616 48 33 221 605 92 363 230 460 370 500 241 410 121 282 117 163 814 661 594 660 803 826 434 47 831 589 206 174 691 692 169 834 121 495 149 507 553 294 284 628 57 224 653 298 114 725 251 148 192 412 811 137 598 74 778 117 687 586 802 166 156 774 291 683 745 581 512 252 653 377 803 42 396 203 719 378 121 209 121 562 804 153 838 176 121 233 803 739 586 841 121 723 225 450 461 217 121 366 575 473 773 280 691 3 502 536 198 487 121 316 230 297 199 183 275 154 152 222 121 230 185 525 384 688 157 362 218 21 699 123 431 610 408 585 818 211 366 150 121 277 19 763 625 349 481 426 80 779 259 673 406 451 645 731 121 165 244 164 436 87 505 705 266 681 824 71 121 304 59 467 804 414 613 798 552 243 528 27 121 633 121 814 58 415 380 140 746 593 575 584 366 118 121 399 794 696 227 829 370 735 803 308 121 690 37 577 121 218 92 99 277 668 708 515 221 322 784 518 677 110 373 545 502 376 357 510 736 472 442 727 121 528 302 103 647 321 269 836 539 549 387 743 737 197 585 684 288 0 121 181 273 751 641 279 281 305 463 530 708 823 685 778 733 5 247 171 247 9 347 446 323 811 23 464 19 265 798 736 340 310 708 522 813 286 669 454 32 106 126 839 535 697 645 538 32 104 514 685 121 206 223 474 555 429 525 226 711 800 24 433 825 770 724 601 121 502 430 422 370 449 795 31 638 287 121 187 343 521 440 595 751 809 683 604 758 572 121 573 534 820 121 645 121 389 557 600 95 213 357 177 66 188 694 76 664 458 121 571 704 693 121 173 372 180 319 339 121 301 290 50 532 6 416 172 814 120 299 239 774 241 602 184 840 561 373 511 401 531 121 527 367 644 81 534 787 330 649 168 121 664 626 225 269 768 59 262 843 319 790 234 808 167 691 560 40 90 121 271 516 547 121 220 102 808 121 781 121 598 121 372 472 838
356
38 10 301 170 177 40 38 75 178 215 295 238 295 233 57 258 301 284 177 254 76 125 3 275 82 17 169 137 186 180 295 72 177 89 295 250 157 330 169 78 295 225 178 87 295 4 177 91 275 174 181 261 336 301 200 3 177 259 143 2 177 139 169 126 178 21 199 193 169 124 273 189 295 5 288 199 67 166 38 36 169 345 177 298 138 253 301 207 29 202 178 319 177 86 309 251 295 344 143 332 212 163 295 248 295 229 46 262 169 102 231 114 169 153 120 290 38 321 100 297 178 316 38 84 38 255 177 108 295 280 178 198 6 143 254 85 169 160 9 127 177 132 177 150 177 49 312 200 178 241 58 270 169 328 262 24 301 331 177 306 329 188 301 269 178 247 340 213 177 70 70 266 177 313 118 58 169 33 301 245 301 211 178 167 301 171 8 242 61 135 24 212 142 355 112 121 79 138 169 217 169 69 169 106 177 223
786
565 555 207 445 406 318 58 685 427 235 527 621 438 507 485 695 774 385 422 94 339 703 462 625 422 350 422 271 642 605 5 397 422 656 58 680 525 122 532 55 664 509 296 282 378 248 422 234 422 468 422 238 157 24 35 494 295 51 161 488 703 455 422 263 108 116 422 220 360 335 355 78 433 591 344 153 25 521 153 156 759 135 422 391 731 165 632 399 422 725 723 387 648 269 568 93 422 380 519 560 422 544 89 730 422 334 58 117 529 716 156 512 422 283 422 243 422 327 422 630 184 532 493 638 422 227 422 194 422 326 596 205 422 120 422 404 422 478 775 245 702 443 732 351 598 9 704 71 422 246 422 177 422 484 93 731 463 668 422 310 349 503 744 599 422 407 422 579 422 226 422 515 462 373 422 520 422 580 422 742 448 440 111 760 422 10 574 554 228 431 422 361 528 143 112 221 422 459 422 7 422 284 155 111 422 181 474 643 422 486 58 525 69 343 516 628 422 281 474 447 201 395 155 308 422 460 422 741 422 771 522 565 90 73 199 558 626 476 141 313 727 20 422 700 325 113 422 712 422 616 58 90 422 307 710 319 422 11 422 724 247 27 353 203 260 567 31 54 47 77 619 462 512 218 191 676 1 640 462 384 422 764 422 655 131 713 360 21 494 577 422 669 422 303 422 409 9 157 422 182 626 615 419 757 783 228 422 105 155 250 422 270 556 403 422 613 360 85 77 747 776 208 422 6 174 454 76 485 570 557 422 341 722 42 248 617 422 389 546 398 509 189 422 277 703 707 682 474 706 639 422 200 563 633 422 658 531 493 422 501 422 172 280 722 422 352 422 480 614 161
588
218 347 527 209 109 1 109 285 109 428 186 565 374 476 109 242 109 300 491 191 408 546 109 327 327 551 582 440 545 328 109 420 303 383 109 504 473 416 450 452 222 104 99 87 109 453 441 143 83 260 561 530 118 430 434 425 109 32 386 194 109 228 5 253 56 276 65 344 560 120 109 69 442 337 301 308 109 127 109 22 219 376 86 201 19 207 109 523 109 398 109 41 109 446 351 262 421 4 109 107 77 249 109 471 109 436 578 299 428 250 109 215 227 119 172 20 109 94 34 97 373 336 118 106 103 281 416 438 405 212 54 287 484 495 17 465 109 413 388 110 109 537 167 460 109 498 109 562 530 390 109 478 58 395 456 586 139 71 176 73 579 494 502 66 109 463 109 171 457 545 216 307 204 462 296 330 546 339 67 539 109 255 12 411 84 554 218 220 109 555 109 34 224 346 109 145 153 63 450 323 338 510 37 396 109 266 109 155 109 29 403 42 15 258 431 91 2 443 109 358 186 317 133 525 208 58 550 422 109 324 109 33 422 144 364 259 584 264 16 261 73 50 109 36 109 355 144 442 97 473 109 30 412 172 65 451 490 503 109 158 426 444 116 83 458 587 109 27 298 352 109 263 168 149 356 200
456
216 147 266 169 11 405 438 443 298 94 439 228 230 301 325 238 28 112 452 97 134 311 427 71 336 408 330 88 230 48 183 131 231 320 230 289 102 62 230 6 22 341 230 256 372 109 331 246 97 146 25 250 135 328 230 218 230 339 230 382 230 326 16 290 106 281 266 189 392 333 15 448 380 332 230 101 230 252 180 318 230 288 441 323 230 232 230 229 230 293 230 271 294 286 230 73 230 398 230 177 247 299 230 361 362 13 230 60 452 346 230 105 230 381 57 96 230 155 230 291 308 0 230 59 351 143 45 167 230 394 283 273 230 162 230 199 67 69 230 324 230 175 230 227 318 57 400 419 399 72 222 322 230 205 177 431 322 113 224 64 24 213 230 412 230 292 230 99 48 185 424 442 376 27 230 191 230 415
750
100 518 100 376 381 742 597 688 100 23 100 210 47 489 721 428 100 615 654 260 100 702 725 583 100 714 414 91 100 746 298 381 100 699 675 290 100 243 242 171 690 324 100 412 155 502 676 257 414 207 198 552 100 643 100 689 100 446 100 48 100 355 100 221 100 107 640 67 589 526 194 284 67 749 741 399 305 633 425 388 100 584 100 52 100 468 100 203 651 259 100 9 544 226 689 237 48 26 415 717 100 378 234 449 100 291 100 409 430 397 100 580 22 327 100 582 100 87 700 482 100 244 100 271 193 398 100 147 100 451 100 315 100 109 100 130 169 95 575 323 397 321 358 662 100 503 100 556 336 274 311 506 237 393 611 34 100 307 100 294 100 579 100 272 100 230 61 309 459 114 100 479 100 14 5 71 549 99 598 433 680 436 100 723 100 103 100 416 100 350 100 677 100 410 576 358 100 505 100 684 100 280 238 606 100 75 100 635 100 422 100 31 100 219 709 458 100 668 100 140 487 484 145 597 703 424 100 364 97 92 100 522 100 196 248 74 100 261 100 524 100 186 311 658 153 325 730 736 395 558 562 504 100 213 50 59 235 709 527 132 100 311 100 231 455 247 170 490 100 721 100 82 137 475 100 739 693 46 100 600 100 592 228 235 100 419 100 708 100 568 491 598 681 406
221
137 162 18 169 2 129 42 2 180 197 18 72 18 138 136 135 180 59 180 140 180 161 72 118 18 60 33 48 0 158 217 33 33 57 17 132 159 80 180 39 180 193 180 83 159 154 180 219 33 190 180 92 141 144 180 1 180 61 180 209 171 74 180 151 18 182 159 40 17 51 38 159 180 7 220 77 180 25 18 102 19 37 180 181 180 105 124 32 176 130 18 218 17 152 77 115 213 79 74 6 5 123 180 78 33 99
589
484 585 484 195 52 427 503 397 484 371 484 259 547 52 484 369 484 367 484 98 484 292 484 528 515 235 520 215 75 160 484 425 484 347 484 320 484 522 215 277 484 125 484 82 484 233 484 264 566 227 484 493 258 2 550 455 484 104 484 341 484 490 484 319 484 278 393 285 484 538 525 480 484 507 484 309 582 426 484 276 322 89 484 200 304 140 484 217 373 211 277 298 484 315 458 263 70 436 105 56 245 22 484 73 484 359 484 517 484 41 484 84 484 328 124 442 484 365 484 252 484 565 484 133 480 6 484 288 484 123 484 25 484 238 484 416 484 350 267 373 484 318 484 42 484 92 467 49 484 557 262 28 285 71 484 549 484 154 484 297 484 488 10 3 484 489 163 304 484 172 484 441 484 370 484 410 484 468 484 430 484 587 484 336 484 562 232 492 484 193 363 216 434 132 285 561 514 249 344 345 484 559 484 556 484 162 484 250 532 236 47 467 484 0 484 385 484 392 138 232 484 389 484 17 235 465 484 43 258 1 127 58 484 226 435 575 484 555 132 588 363 374 484 289 443 303 484 161 484 110 484 13 484 136 484 139 484 368 155 293 484 50
461
4 387 447 184 174 245 340 77 118 138 427 181 191 239 382 289 296 24 174 229 8 195 189 242 378 127 84 126 146 287 208 59 40 276 439 153 233 254 123 424 279 165 47 23 186 435 254 223 208 215 345 368 283 3 378 256 189 445 134 458 237 257 131 107 77 123 414 37 236 443 403 400 4 73 191 196 364 0 379 294 250 44 208 334 191 299 345 17 35 392 407 125 22 231 290 78 196 298 239 235 4 143 279 102 222 293 191 182 239 282 371 297 133 80 35 175 251 419 95 132 345 48 22 390 270 460 191 230 212 118 110 301 139 1 58 316 415 40 439 86 80 170 336 87 279 333 383 264 42 438 4 172 199 151
932
925 347 809 466 900 183 651 369 837 247 734 728 383 688 505 725 112 860 51 465 78 24 689 685 51 587 707 656 64 633 213 19 550 473 549 902 442 519 489 219 873 812 115 442 734 389 650 212 122 306 122 197 789 406 924 793 51 444 405 673 80 25 637 770 842 593 549 674 619 387 625 86 893 433 87 510 319 159 343 850 689 669 37 431 284 783 51 596 78 799 51 738 364 67 719 815 65 96 405 115 481 591 51 872 146 506 920 42 37 777 386 250 51 243 184 455 707 831 587 106 385 58 620 64 720 747 281 540 51 650 553 3 421 905 600 91 721 814 51 103 421 411 783 632 587 313 26 428 639 283 419 445 526 331 316 267 51 629 51 77 657 288 51 482 760 627 624 493 51 377 51 701 623 436 27 394 696 75 190 401 614 99 48 195 409 797 51 595 51 911 512 234 2 740 20 580 13 0 405 855 246 919 657 43 251 90 16 819 51 458 782 829 320 203 51 471 93 548 317 634 689 354 444 130 687 355 325 531 51 246 603 675 419 456 444 663 925 559 53 649 3 900 51 139 540 827 51 721 230 187 518 753 11 198 489 737 51 27 79 761 434 190 756 186 374 434 489 277 419 233 319 555 59 374 317 123 122 303 395 589 51 175 791 752 786 486 879 160 529 120 117 307 410 484 144 857 251 348 189 621 920 417 51 181 107 710 665 336 214 759 512 47 5 426 470 248 322 731 603 350 874 885 51 56 748 204
672
567 428 648 250 669 409 112 20 648 155 6 476 87 363 557 669 604 176 500 39 390 87 648 419 457 382 648 119 648 421 440 209 520 214 542 243 57 246 6 463 648 273 392 320 648 227 648 354 408 559 648 16 483 576 648 294 361 157 102 1 326 298 314 505 152 142 250 128 648 438 387 166 339 178 611 405 648 65 523 385 35 153 648 417 360 612 636 639 133 17 648 222 648 173 463 161 648 614 648 162 206 574 464 427 548 90 648 561 234 436 226 32 648 340 295 247 624 271 344 3 648 465 95 232 629 392 3 650 257 181 305 491 648 159 662 42 110 374 403 11 648 461 394 80 230 330 85 670 291 203 648 292 89 64 177 587 285 616 64 169 271 194 512 93 353 13 648 462 30 570 309 472 302 113 648 141 648 120 648 560 433 319 3 568 648 502 27 442 202 212 648 284 415 10 600 268 666 34 182 623 33 381 455 667 648 399 26 329 271 638 540 263 375 98 60 69 348 343 583 23 361 579 648 380 580 604 39 611 648 659 100 129 371 1 176 500 37 230 648 423 350 607 223 96 647 362 465 563 203 188 495 375 331 653 456 325 648 470 648 615 648 180 648 109 550 370 648 21 363 237 648 15 648 473 648 137 421 479 648 404 553 97 247 184 42 377 648 337 405 152 648 175 526 454 648 29 648 422 47 490 589 307 654 40 656 629 209 602 648 477 259 295 431 213 526 630 471 573 393 416 648 22 211 139 105 633 125 353 648 322 648 660 202 414 331 135 367 655 480 192 648 160 629 654 442 644 648 300 448 241 564 556 1 642 648 131 200 617 74 539 237 530 241 118 440 388 451 540 648 466 648 189 648 205 648 218 2 342 427 410 648 467 648 326 253 48 648 396 324 35 18 338 340 389
533
460 121 460 118 474 517 331 185 364 27 287 125 132 114 390 413 150 172 116 404 247 15 460 68 460 207 509 138 43 71 460 481 460 234 460 70 460 253 460 170 460 263 319 285 460 181 460 210 517 3 460 294 460 411 460 134 460 163 460 276 379 0 460 140 460 5 404 269 302 166 94 16 460 341 460 478 460 524 460 23 460 519 460 491 460 382 460 292 460 477 188 124 460 95 460 376 460 44 260 283 255 421 357 154 460 98 516 412 460 49 100 179 320 416 460 157 435 249 237 78 31 461 460 479 460 159 460 290 461 509 460 47 218 506 460 331 460 427 460 168 460 35 487 130 388 211 460 414 195 396 518 116 460 158 460 405 460 497 82 493 252 60 460 257 460 45 166 150 352 516 460 495 312 434 460 323 460 345 460 310 379 2 399 515 291 393 287 29 383 119 460 447 241 161 509 216 397 312 182 133 287 426 311 180 460 183 221 388 428 246 460 86 460 58 100 353 460 466 460 453 379 0 509 433 460 128 78 529 97 237 460 314 460 442 503 439 460 123 460 406 460 142 371 260 65 496 460 38 367 55 460 387 460 240 460 526 460 467 172 20 379 1 460 392 460 501 460 139 460 103 509 532 460 141 460 296 460 470 460 217 460 227 496 195 460 190 460 500 165 91
489
279 244 345 194 279 110 429 396 105 418 279 398 279 35 47 238 254 178 36 74 310 72 279 213 279 333 261 462 231 54 131 208 279 290 130 315 451 331 456 298 176 455 329 0 287 325 464 461 487 107 35 258 482 222 279 99 475 359 279 29 433 259 309 228 208 450 279 112 279 408 3 365 279 467 279 296 279 403 279 132 49 90 279 48 108 203 374 77 279 369 279 317 279 380 425 417 102 56 53 185 453 127 279 180 279 104 279 1 43 34 279 267 164 20 279 210 279 404 279 257 279 480 189 295 279 3 279 321 268 341 169 15 4 301 279 273 19 31 279 314 279 393 242 261 273 388 279 459 180 163 279 113 279 71 69 8 179 394 279 114 20 384 279 265 279 339 281 368 279 313 279 428 97 101 259 409 279 386 19 215 279 304 74 275 9 224 279 13 224 442 199 284 279 478 288 468 452 366 17 389 21 128 396 433 279 457 232 351 167 469 373 422 46 198 106 308 376 425 314 332 14 106 279 25 315 242 99 50 172 226 343 218 123 240 43 470 279 446 279 202 76 237 117 358 331 297 446 62 443 387 379 67 269 171 279 286 275 97 297 382 291 335 397 291 307 93 279 102 279 318 450 456 104 162 279 302 229 152 279 81 60 287 203 397 133 282 361 415
921
366 585 287 241 133 394 272 265 287 78 37 637 589 210 392 638 400 290 287 631 287 17 486 333 515 739 287 680 231 357 287 414 36 718 204 349 287 897 728 701 514 799 423 717 842 483 204 379 287 260 287 910 209 40 287 84 173 789 254 683 287 105 287 209 879 542 324 661 821 870 305 289 838 786 336 44 716 619 330 37 374 139 852 142 287 184 363 365 446 156 45 745 287 100 287 111 352 520 287 497 287 577 287 845 287 740 76 503 81 824 287 213 436 537 287 690 287 781 122 392 176 407 38 704 287 668 790 575 536 237 287 169 287 431 146 97 419 721 726 808 287 515 287 166 703 269 287 651 337 380 287 390 558 356 287 56 204 912 287 857 94 558 297 39 897 865 496 842 287 121 287 191 287 467 186 45 876 107 670 630 117 565 278 51 287 33 287 426 287 488 287 874 491 641 332 409 287 58 177 803 150 525 476 441 474 291 287 186 505 15 287 415 560 228 287 899 287 602 287 255 454 202 580 12 242 672 287 560 287 873 471 159 199 149 195 827 720 666 739 882 772 351 286 527 287 174 407 696 287 795 690 208 287 135 287 501 877 656 111 594 287 716 329 363 287 376 710 137 184 872 287 747 845 275 50 741 635 344 287 20 610 309 287 370 287 313 472 765 287 404 287 712 533 633 287 73 69 455 287 46 395 348 602 782 287 839 293 815 287 66 414 384 287 674 441 667 287 616 110 189 693 798 287 698 865 665 287 863 287 556 287 774
518
315 116 277 38 30 177 315 416 315 363 476 354 315 435 315 467 315 278 315 173 149 197 315 487 315 210 315 201 315 420 315 251 177 267 315 291 315 379 315 12 315 159 315 333 315 79 299 268 315 112 315 47 315 427 315 304 315 4 315 95 315 29 315 326 38 57 142 346 261 277 315 203 315 264 290 457 493 407 315 148 315 202 315 18 315 255 364 438 315 418 315 153 127 244 315 482 315 198 315 303 315 26 315 196 315 11 315 325 339 306 369 237 315 67 23 2 315 406 10 313 426 48 315 51 315 345 87 223 315 284 315 452 315 311 315 431 315 90 315 394 57 343 315 186 315 410 315 191 223 52 315 285 101 243 315 3 279 170 172 340 315 185 234 124 104 472 315 512 315 384 315 218 211 309 315 224 315 388 390 477 231 60 315 88 315 115 60 181 124 459 315 378 336 254 197 147 315 21 315 429 315 121 315 449 315 473 315 136 315 158 315 355 346 479 315 419 315 92 315 380 315 405 315 216 315 430 96 54 315 166 315 61 315 358 221 206 334 81
901
357 678 357 690 357 533 841 731 357 812 81 266 362 867 357 859 357 85 357 654 357 4 357 378 357 765 774 457 357 456 357 608 357 95 357 194 279 835 357 684 311 787 357 885 357 422 89 804 357 138 357 850 357 371 357 253 357 880 752 726 357 570 357 349 357 409 357 525 357 828 357 568 357 20 463 900 562 851 375 188 357 536 357 757 357 560 357 532 359 761 357 829 357 287 357 550 357 636 131 708 357 205 357 73 357 213 357 563 357 762 357 611 357 647 366 14 357 796 357 810 357 499 70 665 357 651 357 504 357 160 357 797 357 792 43 474 305 649 357 567 357 858 357 645 357 26 357 440 556 703 58 296 357 355 357 480 357 509 357 116 14 362 578 51 357 21 396 587 357 856 357 680 736 113 685 671 357 122 357 520 135 209 837 431 357 791 357 54 399 754 357 72 357 227 357 579 229 56 357 397 357 824 357 136 801 112 357 711 357 569 787 191 598 172 531 418 357 414 357 451 357 263 357 696 357 854 689 465 357 561 357 672 357 379 357 677 357 369 357 447 357 318 357 407 357 578 357 876 357 262 357 145 357 722 357 426 357 41 357 470 357 210 357 700 357 66 357 458 357 621 781 170 874 454 357 267 357 675 357 807 357 666 357 304 357 542 357 699 57 93 357 823 357 868 357 322 357 879 357 716 357 643
647
431 83 401 8 489 35 61 343 585 85 89 428 516 483 369 511 408 212 333 598 249 371 408 522 408 56 543 546 408 73 408 286 110 37 408 605 422 201 392 334 112 192 484 351 76 296 528 30 274 12 408 466 14 645 352 474 408 197 632 279 59 284 160 492 284 475 364 341 408 278 408 621 408 339 597 259 408 5 407 309 408 423 408 349 386 445 408 328 408 610 96 531 408 389 469 122 408 646 408 453 281 397 624 7 153 303 408 588 260 552 215 401 273 199 408 277 408 95 408 415 408 185 408 71 408 394 19 189 222 280 500 495 28 69 408 289 408 299 408 548 110 143 307 148 580 243 55 182 235 506 48 310 171 502 93 160 408 592 408 147 408 600 112 636 227 587 408 202 408 298 65 154 408 442 117 566 626 485 112 129 222 340 259 593 279 477 262 105 63 637 43 615 181 551 333 223 485 260 408 273 547 28 469 18 494 352 16 274 597 86 408 629 499 549
654
450 74 450 24 450 152 97 247 450 553 99 439 219 113 279 548 382 310 450 42 112 36 347 215 450 537 450 411 450 509 326 529 450 85 450 208 450 84 450 111 450 413 478 457 450 479 450 38 573 651 450 60 450 314 218 490 440 350 450 290 450 104 450 191 543 467 450 546 450 210 450 355 118 150 450 148 521 168 450 609 450 39 450 307 160 329 450 77 450 296 646 415 450 344 450 66 450 631 450 275 333 273 450 518 450 380 450 158 579 2 450 9 251 123 567 325 123 207 450 488 450 313 349 347 450 230 10 134 536 300 302 520 171 0 450 81 10 606 450 319 450 365 450 590 450 464 450 108 450 540 450 524 450 512 450 267 99 128 450 584 450 516 643 248 295 56 450 195 450 567 450 532 239 511 450 206 450 3 224 586 634 613 450 596 272 184 450 572 490 44 450 176 450 514 450 149 546 527 450 419 450 265 450 243 450 391 618 583 202 30 450 78 602 34 450 570 450 508 480 555 450 395 450 213 450 418 189 218 450 203 450 379 450 264 292 211 606 640 450 21 450 335 450 62 381 101 450 115 450 180 450 562 576 646 327 41 450 475 450 151 287 156 450 86 450 614 105 628 450 343 450 201 450 15 44 403 274 146 226 147
191
140 37 183 75 180 1 158 110 189 157 152 87 161 53 88 178 104 170 82 167 23 180 12 89 73 90 137 164 94 119 47 152 82 66 74 133 47 172 126 187 94 16 104 54 183 150 189 41 73 1 161 48 12 99 104 96 158 106 126 176 130 163 180 0 113 4 188 143 183 142 112 168 152 10
417
398 93 411 65 398 6 266 243 102 142 116 343 136 286 46 116 398 321 260 316 398 48 130 105 289 148 398 171 398 117 331 179 398 409 54 400 398 222 398 377 398 342 267 190 280 36 220 5 174 357 398 325 398 186 398 389 47 253 363 102 93 359 15 348 312 228 242 414 296 35 382 144 128 278 398 301 398 328 253 136 276 393 33 45 236 46 398 368 371 112 398 121 177 331 398 252 18 381 71 268 398 178 195 269 398 376 398 201 398 127 398 175 398 403 398 218 407 91 103 248 398 293 398 280 115 87 398 209 17 212 166 96 320 298 119 408 398 180 398 76 27 122 398 396 398 334 143 271 398 412 398 94 398 134 187 126 398 255 130 25 398 85 398 168 398 18 398 16 398 39 416 108 398 11 175 233 34 75 398 287 398 383 398 238 398 59 20 355 174 172 398 265 3 402 224 230 398 225 261 82 204 215 398 120 228 266 362 52 174 50 343 177
772
409 613 498 252 409 386 409 241 409 542 94 446 402 374 409 227 409 521 409 231 409 193 399 336 633 477 125 736 537 358 613 678 43 343 409 416 409 11 458 288 43 292 570 186 55 369 409 354 409 362 288 468 357 195 409 544 623 638 31 233 409 79 409 137 409 659 409 560 409 631 226 691 38 607 409 644 409 509 131 594 70 415 409 457 208 274 409 633 228 223 409 273 409 611 753 248 409 150 542 332 8 555 409 121 598 679 409 327 393 280 65 74 398 220 409 183 207 534 409 249 409 582 474 154 409 141 409 740 409 140 409 602 624 0 146 66 509 180 409 253 474 372 370 383 409 51 366 128 299 171 239 33 409 767 409 19 409 221 398 235 409 423 409 271 409 86 409 587 231 501 409 743 43 330 383 2 533 333 76 202 409 421 409 90 398 663 593 257 31 461 409 715 409 124 107 745 710 381 409 320 409 498 7 75 409 508 409 228 409 199 409 192 409 496 84 489 409 424 26 118 510 483 550 266 698 399 160 432 20 677 241 637 200 73 762 324 116 511 272 410 409 114 409 694 572 440 385 401 34 229 409 95 409 94 409 182
316
139 95 71 12 285 223 271 38 209 162 289 114 258 215 115 264 169 109 238 291 70 30 154 227 169 142 178 196 195 284 301 44 252 150 123 305 155 232 7 273 64 151 194 66 169 129 182 35 169 168 169 221 169 282 169 36 247 34 118 314 240 56 169 47 122 145 169 52 1 270 112 244 174 160 169 11 175 146 217 210 258 190 36 90 169 176 307 153 4 33 308 127 84 226 205 250 56 62 193 195 284 82 169 71 298 265 175 222 169 179 87 167 44 184 217 116 289 290 187 72 268 228 97 14 169 217 99 238 174 181 169 13 169 141 169 302 169 40 143 29 169 173 243 285 46 102 183 125 82 292 202 104 141 55 289 187 169 69 169 183 286 9 165 17 175 46 33 208 169 92 203 248 169 274 174 205 176 277 71 78
359
274 339 115 276 274 144 220 146 1 198 216 226 344 352 191 120 82 212 142 110 188 27 61 217 288 279 191 15 322 292 277 168 66 350 142 302 312 104 188 100 231 284 142 235 277 18 319 31 231 6 186 89 97 258 140 263 79 24 311 190 83 286 115 158 231 219 61 38 269 245 119 184 292 138 315 240 292 355 99 134 311 114 140 21 115 32 322 142 28 319 191 88 231 37 65 270 1 291 84 222 187 285 259 211 231 299 115 196 116 112 187 266 122 72 135 331 143 51 117 309 277 264 271 121 262 62 346 237 61 174 99 346 262 96 322 115 82 233 187 294 99 227 350 340 265 254 1 249 7 252 322 82 274 68 140 143 99 85 231 111 262 351 117 46 322 140
579
38 464 148 570 148 383 396 0 148 32 145 385 568 65 189 546 149 311 185 456 77 375 59 43 148 521 148 316 148 71 174 377 291 325 127 312 53 413 352 19 148 34 148 199 148 457 66 414 148 201 148 513 203 347 55 33 335 396 578 544 148 387 311 177 46 499 148 320 180 536 549 488 440 407 518 465 406 27 79 211 148 551 148 277 39 77 148 472 211 39 148 462 35 360 454 476 307 514 148 322 148 233 429 134 148 353 148 333 148 399 466 539 507 510 148 61 148 496 141 469 188 152 348 5 233 60 247 24 286 198 422 45 491 73 152 323 208 313 227 173 148 52 148 419 42 119 16 161 489 89 31 28 559 11 353 169 148 163 60 315 264 248 143 121 269 366 148 548 148 328 148 402 148 75 75 94 279 251 148 6 166 228 148 48 30 477 208 147 148 112 206 288 148 254 67 453 278 3 205 335 148 113 192 86 148 214 148 186 148 101 252 10 524 438 90 386 201 72 148 429 460 200 30 131 568 575 361 296 148 70 574 206 464 176 188 489 319 223 376 250 288 235 536 503 450 309 148 36 148 154 148 249 228 180 450 571 148 467 407 398 148 422 148 129 41 461 447 332 148 182 177 520 148 47 148 74 223 125 148 284 148 431 148 213 148 260 566 342 266 189 232 403 148 87 148 554 384 155 148 352 137 425 496 329 182 365 148 268 430 273 43 410 378 449 37 317 330 285 439 216 358 451 95 346 148 194 478 538 0 41 148 99 399 391 148 389 299 231 148 187 148 149
369
49 2 49 326 49 136 224 30 7 251 69 303 49 79 49 142 304 64 3 131 59 181 335 7 183 10 49 259 135 69 31 56 49 284 49 301 272 265 86 209 49 137 356 294 49 195 49 222 339 312 56 1 70 203 251 287 49 237 49 20 348 86 49 123 49 253 38 331 49 24 331 357 306 330 49 197 49 165 49 310 49 187 49 282 299 220 49 243 252 299 49 67 49 227 261 89 49 325 49 268 310 316 49 5 49 36 49 234 49 147 352 50 84 149 49 140 49 87 104 304 49 179 244 39 49 311 49 255 49 156 191 135 320 221 49 318 91 61 289 352 49 93 49 171 49 207 90 367 314 70 178 100 64 356 100 293 49 280 152 84 49 202 49 143 209 31 345 115 49 14 83 225 147 111 49 35 49 242 49 290 225 172 49 51 196 224 49 26 49 208 49 269 49 368 49 107 362 256 76 29 49 150 49 338
273
230 96 163 88 163 5 163 114 51 138 171 59 272 65 112 271 163 238 59 51 163 18 35 73 267 53 134 63 163 118 163 111 203 117 163 37 163 265 163 196 140 186 163 234 163 2 163 151 163 185 163 264 163 105 224 33 163 222 52 90 163 79 163 227 163 244 179 188 163 180 163 214 163 4 163 6 163 245 163 144 163 82 163 125 163 246 179 243 163 183 255 269 15 179 75 263 163 193 179 57 146 119 18 160 106 239 163 124 11 78 163 237 163 225 258 142 163 100 163 85 48 121 7 267 239 2 242 255 24 15 131 149 163 184 226 131 163 147
632
328 486 404 174 254 332 284 158 232 318 327 155 328 414 353 240 328 201 499 310 240 495 328 357 173 413 333 382 173 543 597 249 328 29 328 476 328 48 409 419 262 460 60 298 342 35 400 303 328 21 328 396 493 598 270 412 145 451 97 494 328 490 5 484 328 462 85 225 329 122 288 615 408 2 410 273 301 499 366 440 349 398 193 160 85 386 620 64 328 58 624 275 121 418 135 56 328 306 576 140 49 97 328 506 46 478 402 171 425 574 328 628 263 237 328 4 153 320 344 612 448 299 609 397 144 491 328 220 333 552 328 376 168 565 107 88 233 262 504 393 118 545 138 300 328 278 35 364 411 46 328 178 498 20 346 567 416 22 399 501 267 114 345 317 528 422 328 337 328 407 620 576 368 456 350 150 293 285 328 515 619 345 328 272 328 305 328 427 328 465 242 592 192 525 180 586 242 33 238 622 235 356 564 302 590 428 577 441 297 142 1 95 483 41 155 620 328 281 193 311 193 52 346 516 16 15 418 459 542 391 206 377 328 314 203 196 328 43 296 199 310 611 453 100 150 623 328 319 328 514 328 211 585 168 484 80 328 315 328 336 328 109 328 223 168 231 432 540 338 549 328 570 66 389 326 153 624 118 328 104 593 62 338 379 193 429 205 392 195 289 554 135 208 106 481 448 328 548 335 526 328 583 265 143 328 325 591 274 160 31 393 597 523 541 328 387 192 165 586 344 23 542 368 425 392 190 155 326 155 94 305 512 328 454 194 473 72 138 328 489 328 131 328 244 85 444 300 179 79 321 115 446
137
115 47 115 5 115 56 115 48 72 0 115 106 115 58 119 99 115 93 115 123 99 55 96 68 115 66 103 72 115 74 15 121 115 77 96 97 115 20 115 98 115 73 24 25 4 90 115 18 25 57 91 13 135 75 115 35 115 8 115 122 115 16 13 133 69 23 115 29 115 110
161
109 65 113 119 113 21 122 134 113 52 113 34 81 128 113 39 113 40 113 155 81 3 80 2 149 31 77 11 134 149 12 49 113 105 113 154 113 4 65 84 113 160 113 137 113 130 113 23 80 1 113 123 125 122 113 70 113 73 65 26 14 83 113 61
702
450 631 4 55 288 476 657 25 623 663 657 420 34 536 627 591 657 540 619 274 592 503 153 132 638 379 578 427 276 471 365 193 71 609 317 190 657 280 550 202 657 155 657 24 657 434 641 541 27 639 287 502 12 302 263 561 657 368 501 307 284 4 665 380 657 345 657 142 657 574 603 238 657 19 684 338 185 151 273 436 657 622 328 624 61 339 657 12 657 506 657 72 565 221 675 227 130 395 657 376 657 468 657 21 224 356 51 301 657 168 126 355 602 522 481 353 255 390 149 625 657 224 554 314 213 275 28 452 600 634 47 228 583 697 658 14 422 91 657 105 171 1 177 403 350 128 657 230 657 470 657 373 657 598 49 438 657 310 105 545 657 514 657 263 657 278 657 289 207 340 458 588 525 173 657 273 159 160 144 606 657 679 465 635 9 399 6 535 657 52 657 262 432 158 445 466 648 360 362 300 557 119 468 409 376 642 43 362 313 223 657 253 465 100 455 137 435 234 317 143 574 83 626 117 349 98 69 95 178 515 117 648 92 81 163 329 295 450 52 5 548 70 594 156 276 393 199 597 562 488 657 406 657 349 39 405 657 207 587 352 387 316 354 64 570 186 657 627 653 294 657 210 85 383 657 50 562 378 445 304 657 567 442 690 657 239 553 7 274 351 632 400 397 279 697 389 19 65 690 422 419 467 434 596 54 237 657 219 152 59 657 318 657 44 251 459 315 250 309 212 393 354 570 1 657 543 507 260 271 15 406 640 181 418 385 283 601 632 582 167 114 557 415 473 657 126 480 370 657 138 37 108 571 139 299 413
611
30 606 86 328 86 514 86 201 249 252 224 498 422 367 176 245 571 418 86 21 58 230 389 529 221 515 316 409 86 216 338 281 460 242 552 327 474 288 427 107 97 124 86 133 315 168 254 607 86 192 163 519 53 311 607 503 139 396 86 408 86 87 86 330 378 424 86 594 86 95 6 506 86 209 441 211 86 549 86 331 86 371 86 484 224 114 86 75 98 577 169 171 86 26 152 249 86 550 547 251 86 401 18 407 187 379 188 140 111 535 353 31 321 99 546 207 363 579 86 302 372 91 86 194 86 136 54 102 208 373 48 79 242 225 86 50 86 85 86 377 86 150 287 0 86 575 309 601 86 376 86 448 471 527 86 440 89 306 85 214 84 562 86 70 246 9 86 233 167 552 567 148 86 414 434 183 407 568 86 234 86 421 86 318 231 344 468 596 172 489 86 117 288 319 86 610 504 429 334 390 86 112 86 598 27 528 465 236 182 220 86 468 86 261 488 126 62 159 475 458 86 128 283 557 486 196 459 475 250 368 520 56 22 217 175 352 86 10 490 110 199 37 530 300 535 444 211 47 192 297 449 442 86 359 439 161 86 232 561 382 86 366 121 144 86 322 86 304 6 343 102 94 197 502 533 546 405 422 503 469 95 68 86 156 342 254 584 340 333 307 86 589 4 27 550 603 355 72 465 383 86 398
660
171 338 154 248 656 212 266 523 567 495 240 513 171 93 534 252 154 153 246 170 377 240 622 368 171 181 171 547 644 590 49 94 12 59 171 9 287 311 349 44 31 41 171 623 359 572 651 382 580 113 103 82 330 476 398 614 171 298 171 161 173 258 171 353 463 432 230 178 634 273 449 97 171 635 171 350 307 35 563 285 171 134 252 442 171 351 396 241 171 180 556 215 171 14 281 163 171 132 171 648 205 150 117 390 171 487 171 389 171 13 209 43 343 327 344 526 171 426 260 449 171 465 643 51 171 458 604 558 406 251 328 355 171 570 171 316 524 209 253 50 171 62 44 67 171 57 622 232 171 205 225 568 622 36 171 419 171 63 96 451 171 431 382 543 385 622 591 584 270 297 171 491 171 375 171 98 68 381 171 200 171 532 171 412 425 418 283 277 171 64 643 571 167 197 523 167 314 528 362 463 355 307 171 617 171 352 171 256 171 116 640 469 171 626 171 90 365 117 171 518 171 89 595 250 449 644 228 38 45 126 276 225 171 272 171 394 572 96 658 259 138 411 171 534 171 95 171 300 171 236 171 21 50 530 171 492 69 362 432 357 355 638 171 267 658 66 171 10 291 439 171 264 594 138 377 417 171 582 171 471 377 346 454 641 53 578 633 71 171 125 423 182 658 557 307 609 171 172 171 544 515 314 527 154 278 185 607 649 173 61 390 602 578 30 171 312 366 48 171 467 452 69 344 541 103 593 171 363 355 227 171 655 563 291 303 344 171 507 171 478 649 308
569
166 425 172 149 166 167 166 263 29 0 467 276 166 162 343 38 166 565 166 241 166 261 385 498 472 11 166 456 166 419 483 72 166 86 273 542 81 449 166 365 152 247 67 177 264 313 166 151 276 16 166 556 166 284 36 123 166 6 197 564 251 52 14 17 360 281 492 139 526 48 166 397 166 391 3 194 116 136 166 156 166 460 166 77 166 509 166 290 29 501 83 196 166 41 488 557 34 74 84 5 166 231 354 193 166 544 247 538 166 81 166 216 166 348 484 200 374 550 166 90 414 227 166 494 426 14 245 173 283 62 460 458 166 59 166 248 72 525 519 323 16 91 182 158 166 255 297 438 166 471 338 57 166 25 527 183 88 125 473 97 166 433 126 146 460 107 166 264 450 386 166 94 446 43 268 208 221 393 544 490 479 508 428 504 9 118 166 274 166 83 166 372 28 266 374 71 76 111 90 430 166 318 166 58 268 169 166 452 98 63 166 160 272 306 166 432 166 238 166 376 166 270 527 422 498 359 363 350 540 474 12 416 166 543 166 517 12 407 101 197 129 222 166 252 166 385 512 224 224 335 166 295 166 555 38 357 23 289
819
550 161 666 376 536 779 775 251 536 70 240 639 536 566 536 603 536 111 536 754 760 1 287 267 536 382 536 646 536 727 162 782 536 331 178 812 536 366 536 0 536 122 536 717 518 604 536 420 536 419 776 276 536 768 536 99 536 113 304 661 377 578 536 256 598 428 536 117 536 611 536 367 621 561 576 33 233 811 695 471 536 49 345 649 536 414 277 778 457 501 536 387 536 47 24 126 9 396 536 154 348 325 752 327 536 507 102 498 250 465 370 250 536 530 536 369 536 573 536 763 162 278 327 170 536 308 143 706 274 328 536 460 441 466 536 622 302 817 536 510 259 322 66 240 663 374 536 68 133 89 536 344 536 124 536 711 536 184 536 726 595 130 250 69 536 157 219 424 531 155 509 610 789 263 536 545 412 73 33 496 695 526 495 585 16 769 536 594 536 644 558 684 536 177 760 0 536 660 536 201 536 192 536 798 58 463 536 1 776 542 536 575 536 127 536 662 536 134 536 591 536 500 549 37 807 395 536 515 536 739 536 179 536 432 536 91 811 715 192 653 536 654 652 695 251 24 536 584 536 799 536 132 29 534 536 412 317 246 291 436 491 453 536 146 536 62 536 144 536 724 536 670 764 422 536 458 379 406 7 803 671 752 536 794 536 204 536 675 536 423 536 678 536 487 604 619 463 304 536 505 536 48 695 635 536 381 536 17 536 392 536 46 536 519 531 750 137 562 689 133 474 386 646 104 536 593 778 356 536 149 225 39 536 430 536 65 536 699 536 729 353 137 536 747 536 477
424
7 55 7 44 225 269 219 178 7 410 7 79 155 330 7 349 7 63 7 347 178 291 7 315 7 56 107 43 7 176 69 366 7 266 150 394 224 383 99 95 164 1 184 407 139 265 399 337 204 327 7 227 161 193 102 359 7 78 219 12 95 198 309 10 13 47 138 173 7 96 337 133 263 150 7 405 148 98 28 261 7 77 7 114 228 422 310 5 133 50 406 356 384 60 210 37 7 257 7 400 341 108 7 11 7 21 125 32 7 119 19 169 240 68 7 313 128 121 7 29 7 185 377 45 413 112 397 401 183 203 221 246 291 309 7 357 7 162 130 320 7 231 12 242 7 179 41 373 374 135 33 414 372 404 101 384 7 411 264 421 7 33 7 329 408 128 297 342 7 127 7 81 50 148 7 304 7 69 387 26 21 302 7 67 7 152 164 0 41 124 195 339 7 285 7 372 7 208 7 382 7 4 76 218 12 226 7 213 7 232 408 348 250 371 7 13 7 202 7 168 7 370 41 389 196 319 7 23 7 138
847
577 731 837 646 20 644 103 40 103 191 85 2 61 515 812 1 117 492 157 439 103 307 18 508 473 327 719 666 657 662 103 714 266 775 689 750 782 810 4 153 103 737 103 212 291 764 103 513 612 645 660 812 41 368 321 383 22 274 103 405 103 359 103 204 103 811 103 374 803 8 412 305 103 603 781 214 777 331 103 46 171 294 551 661 510 643 103 393 157 616 177 709 103 517 383 29 688 187 103 667 730 267 399 234 344 468 103 712 103 95 103 281 103 626 671 200 220 303 779 391 289 133 103 275 254 71 733 441 437 761 103 458 103 654 478 659 99 193 598 135 614 341 476 203 103 771 478 448 103 98 598 394 219 463 103 469 103 749 103 320 194 101 18 392 310 445 268 573 235 621 103 562 144 465 477 472 103 480 214 56 454 791 103 142 628 85 38 496 490 199 803 529 103 502 103 828 103 474 602 202 766 285 795 296 806 747 113 207 178 404 18 62 735 803 551 211 469 478 757 237 103 353 486 346 91 141 103 751 401 76 103 566 411 2 246 736 103 213 103 690 103 295 774 721 712 551 103 314 118 770 810 506 764 387 103 89 12 522 48 460 696 792 384 390 103 533 663 477 103 783 730 680 730 433 103 343 103 427 754 677 702 24 125 842 311 81 495 269 216 371
689
19 181 348 195 419 674 152 413 583 569 115 249 407 329 263 376 347 431 112 554 419 301 72 564 146 47 169 226 166 523 419 579 581 610 419 315 416 147 163 475 419 152 648 402 346 85 119 551 119 572 119 420 588 126 426 671 445 138 522 101 285 443 79 388 419 410 40 237 39 228 385 627 472 22 298 614 484 438 360 435 173 333 419 626 419 370 212 673 419 263 427 90 262 520 13 628 476 316 559 629 257 656 265 266 403 123 175 683 148 372 265 247 148 326 287 256 241 324 479 374 83 153 531 503 405 519 419 653 274 145 46 310 327 643 83 258 401 378 419 136 568 165 603 347 419 394 483 199 219 398 644 526 419 500 419 617 467 108 435 549 419 355 573 493 104 129 146 565 83 235 590 319 425 302 227 593 653 23 628 455 419 505 418 380 123 118 119 625 419 384 145 571 498 688 81 21 419 161 126 221 457 309 133 2 419 42 359 36 626 125 448 462 240 646 674 623 172 117 177 267 166 86 128 557 419 343 419 179 500 535 573 107 508 556 172 664 419 448 687 529 193 654 155 185 419 83 299 377 440 488 672 555 678 157 419 219 656 532 415 586 416 539 154 0 38 184 419 306 350 308 365 599 632 279 340 478 416 530 419 346 541 485 240 73 187 290 167 412 647 186 24 589 419 568 238 577 685 52 38 396 87 53 419 40 21 499 322 600 298 34 482 163 231 232 578 676 180 471 233 660 658 227 419 322 419 79 35 93 419 245 279 61 492 178 92 194 419 401 363 31 566 207 248 522 379 15 211 434 528 510 419 198 273 127 333 168 579 56 419 513 324 296 333 602 605 603 31 299 419 17 142 231 310 102 315 246
140
134 87 134 33 134 25 134 54 134 60 134 63 134 70 134 38 35 46 134 65 134 27 73 139 134 18 14 91 134 10 134 110 134 52 134 131 134 80 134 114 11 74 134 76 134 89 134 51 134 105 134 106 134 53 69 136 120 129 132 14 91 67 46 95 20 124 134 26 134 137 42 49
298
239 78 206 281 22 226 196 91 28 144 46 127 28 241 124 141 291 142 29 7 28 181 59 44 28 232 28 89 48 273 48 161 28 62 28 178 28 183 28 262 28 43 28 47 28 164 157 66 28 49 28 12 28 197 28 39 28 235 56 169 28 200 96 239 28 100 28 46 66 228 28 249 28 2 206 108 28 292 28 119 28 189 28 213 28 139 28 51 28 233 28 132 10 96 28 105 28 120 110 290 28 265 28 148 28 145 28 154
626
126 422 328 443 217 435 586 105 150 335 441 259 217 235 217 178 75 453 217 483 217 407 468 507 310 566 252 147 217 293 8 269 393 606 501 347 407 337 369 73 217 158 217 560 217 428 589 291 505 618 593 290 217 114 217 140 217 48 498 373 217 119 217 177 124 266 359 68 217 502 31 88 217 81 578 175 217 85 375 120 319 327 217 367 439 470 269 432 177 46 512 307 334 31 217 166 217 316 217 350 508 554 106 530 301 270 91 246 532 157 217 264 165 477 370 388 217 356 217 47 217 289 377 474 217 524 217 481 217 179 217 288 530 28 423 499 217 283 217 355 61 151 217 579 532 218 217 586 509 437 423 24 412 539 217 130 529 185 217 268 116 334 217 330 217 406 420 173 217 444 170 306 34 226 217 521 618 506 226 274 217 208 464 59 338 517 158 482 217 467 9 353 217 497 217 312 41 580 217 250 598 94 5 441 73 319 217 569
356
354 53 319 20 354 255 150 308 354 325 354 247 354 114 354 187 80 346 354 108 65 210 23 125 354 343 109 352 20 145 354 293 354 253 354 88 341 226 354 50 354 71 354 305 254 155 354 257 236 231 354 206 84 252 354 165 354 24 354 197 354 277 354 175 19 193 81 341 354 303 178 192 354 340 354 10 334 306 354 287 354 274 354 218 354 212 91 254 354 44 231 291 354 183 354 16 354 258 280 292 323 214 354 130 252 1 354 46 354 276 354 205 15 221 354 353 354 117 354 342 354 250 315 35 354 141 354 76 354 111 123 109 112 139 311 28 354 119 139 82 354 307 354 265 354 99 184 2 354 39
715
439 429 438 78 84 273 396 709 646 360 508 334 414 689 84 160 677 274 84 438 479 424 84 463 613 131 84 121 209 14 125 399 84 158 84 650 84 533 84 711 84 209 84 546 638 20 84 177 708 298 84 383 81 500 325 206 516 307 339 8 84 572 64 193 468 340 189 260 84 535 67 461 692 591 324 635 413 696 494 539 84 623 84 683 84 355 75 370 84 685 84 247 212 17 84 244 5 402 487 120 84 691 135 234 84 286 84 550 84 348 84 654 310 508 225 638 84 524 52 528 602 636 84 309 84 608 84 597 84 486 441 115 612 156 95 253 371 471 84 228 498 414 88 503 90 466 84 315 160 634 686 192 84 346 84 712 363 415 382 626 516 262 565 423 84 574 659 632 424 15 84 397 100 211 245 139 680 640 84 97 664 102 260 659 178 83 224 61 321 593 618 678 84 60 707 607 164 416 58 692 39 460 283 384 255 229 65 704 223 407 110 236 84 679 369 441 39 595 84 141 84 190 453 571 192 434 102 409 688 129 84 71 84 359 380 633 88 312 160 516 95 281 622 113 174 112 45 326 84 149 691 436 344 37 20 0 698 555 680 647 84 327 400 624 106 488 84 422 547 504 630 369 464 605 84 611 485 90 84 1 551 277 264 68 663 584 22 230 84 53 420 375 84 27 433 106 561 431 70 132 290 52 321 243 84 233 328 444 612 316 84 494 446 568 84 567 84 336 84 557 593 373 84 367 167 45 388 266 84 63 15 487 84 214 672 625 139 662 315 264 457 484 341 147 503 394 608 324 199 501 84 320 63 255 461 331 413 452 259 505 84 620 459 432 409 507 84 702 84 217 84 318 398 344 84 213 556 311 84 509 374 551 475 388 305 297 84 241 337 153 81 166 673 498 163 308 422 708 84 604 315 589 84 285 39 372 491 258 622 690 84 294 119 328 709 602
939
829 126 673 825 121 783 121 240 121 512 121 723 121 784 121 22 121 656 121 529 121 412 121 373 121 882 121 710 100 2 133 100 121 384 582 542 121 358 121 105 121 817 121 866 783 218 371 322 121 260 121 46 927 845 121 476 337 436 121 127 121 306 121 339 17 631 807 200 121 386 486 89 121 232 121 117 121 222 442 772 172 129 755 859 616 504 121 738 193 501 121 391 121 351 566 18 121 578 189 731 916 267 121 938 121 415 121 269 121 776 121 860 308 709 121 21 121 434 121 837 121 762 121 316 121 263 296 62 918 8 121 516 121 771 809 753 121 368 121 790 902 850 121 77 121 813 121 528 121 792 41 464 121 602 803 214 121 473 658 442 121 666 100 752 118 311 121 662 121 556 753 564 121 462 121 305 121 835 732 213 121 310 121 570 589 735 121 233 73 594 121 878 121 208 121 410 758 678 121 187 7 537 121 491 593 227 121 699 121 453 121 811 121 877 121 354 121 841 121 225 91 255 121 665 121 935 121 515 121 582 121 58 700 112 352 749 121 448 225 285 228 714 121 366 121 547 121 539 121 282 121 131 672 742 121 206 121 546 121 530 121 140 355 123 121 894 121 545 121 870 850 234 121 445 121 803 121 132 121 55 121 173 929 210 121 608 121 657 121 499 121 290 772 862 252 158 121 113 121 171 112 589 121 648 121 786 173 4 121 609 121 349 806 85 121 298 121 626 615 463 121 292 267 405 469 66 217 432 121 663 121 108 548 181 886 816 121 179 121 356 816 615 121 198 121 711 121 438 121 514 121 304 121 595 121 819 121 923 121 482 743 243 121 682 121 650 121 1 117 423 121 257
398
67 256 370 191 67 158 201 46 84 155 67 372 67 200 67 50 368 221 349 242 67 238 67 8 311 21 182 146 67 393 72 233 18 74 3 237 67 243 18 169 67 55 67 33 67 274 309 248 67 49 67 143 67 122 67 116 67 189 341 275 67 100 67 300 67 389 67 65 18 196 340 174 67 346 395 88 152 279 67 216 23 261 67 145 67 388 372 131 243 335 150 263 67 75 67 175 67 271 167 171 163 80 143 249 67 374 190 108 67 11 67 368 67 270 379 345 67 338 67 156 356 206 101 140 67 384 67 229 29 64 326 235 67 157 67 98 216 188 269 136 25 284 67 306 293 253 199 212 281 377 67 281 89 341 67 127 67 186 66 192 121 386 67 149 250 177 367 25 67 210
713
70 511 290 75 37 194 385 275 381 174 559 369 229 287 515 133 266 506 229 124 504 296 375 625 401 113 444 248 617 293 540 711 229 558 299 342 479 534 47 587 164 131 535 222 475 148 700 434 26 490 335 387 229 348 336 92 37 212 348 567 87 297 355 373 687 638 468 662 411 53 499 378 677 343 364 582 47 32 29 219 141 586 380 129 502 198 427 0 348 22 672 698 229 606 502 492 706 121 446 79 657 637 178 341 2 67 677 9 479 313 229 559 654 329 186 166 685 471 379 61 450 6 658 41 403 409 446 261 229 344 181 52 696 62 671 74 690 391 229 595 279 273 287 311 660 435 59 648 272 640 443 408 466 480 205 601 519 281 378 576 366 197 517 636 685 614 373 703 229 20 608 396 364 216 700 119 411 417 134 694 528 123 619 160 229 267 360 186 204 505 611 165 229 443 229 64 183 672 606 585 135 271 504 330 690 439 456 372 617 451 229 114 124 17 709 89 336 688 267 616 548 445 419 499 700 412 647 680 97 508 602 681 619 71 707 407 144 413 193 78 242 263 344 109 560 353 136 110 87 631 46 145 589 339 690 85 540 292 707 484 167 706 707 83 130 97 626 90 399 643 624 188 695 57 379 410 379 436 328 254 490 265 528 352 305 135 322 196 232 583 364 173 652 349 262 376 588 671 128 200 55 541 444 283 344 182 452 108 221 483 428 125 700 568 519 337 558 127 174 416 144 278 704 195
136
79 41 130 76 91 34 1 35 80 91 114 83 79 119 135 8 79 90 28 12 79 128 117 58 79 69 79 72 71 27 79 114 79 73 79 85 49 61 7 135 77 80 117 84 83 95 79 31 79 15 79 49 97 1
161
92 64 92 10 147 43 92 59 16 1 92 66 73 69 130 78 92 129 92 7 30 29 48 143 100 98 102 141 22 20 92 130 92 14 142 145 92 138 146 38 92 146 92 63 92 87 40 57 92 135 143 150 92 3
