2 2 4
12 5 2
2 -2 -1
1 4 4
4 8 -4
4 3 1
100 100 10000
-2 4 0
1 100 0
-34 -17 578
13 87 0
84 72 6048
84 0 0
84 0 84
0 84 -84
8 16 -8
56 97 5432
0 -72 72
23 87 -64
83 86 169
15 93 0
86 92 178
21 62 0
90 59 1
26 40 1040
72 36 2
68 67 135
82 30 2460
23 67 0
29 2 58
58 69 0
93 56 1
42 29 71
21 19 2
37 98 -61
15 70 85
26 91 -65
56 73 4088
70 96 166
5 25 -20
27 36 63
46 29 75
57 24 2
82 45 3690
67 34 33
43 50 0
8 76 608
88 84 1
51 54 0
32 60 -28
68 39 29
26 86 2236
39 95 3705
34 78 0
1 97 97
17 92 -75
56 1 55
86 41 127
89 44 2
40 29 1
17 97 0
81 75 156
27 67 -40
97 53 5141
65 6 10
19 24 -5
71 32 103
3 19 57
68 8 8
40 49 -9
23 18 41
46 51 97
55 79 -24
64 28 92
50 93 -43
34 64 -30
14 87 -73
43 91 0
65 59 6
32 51 83
28 75 0
74 21 1554
95 29 124
35 93 3255
28 43 0
28 29 -1
4 43 0
13 38 494
40 4 160
28 88 116
17 17 0
24 43 1032
83 90 0
72 25 47
90 5 18
54 86 140
82 42 40
97 7 13
4 48 0
22 28 0
0 0 0
